1428890016849763618 1428890016849531591 232027 46.62
1428890016873478004 1428890016873266528 211476 44.28
1428890016895087570 1428890016894805167 282403 44.93
1428890016916465579 1428890016916396116 69463 45.38
1428890016938766507 1428890016938557196 209311 45.27
1428890016959895496 1428890016958889390 1006106 45.60
1428890016980544406 1428890016979773224 771182 45.98
1428890017000424133 1428890016999943786 480347 46.48
1428890017020810988 1428890017020354914 456074 46.75
1428890017041275221 1428890017040745371 529850 46.96
1428890017061412566 1428890017060906798 505768 47.19
1428890017081717082 1428890017081387429 329653 47.35
1428890017103058913 1428890017102366480 692433 47.32
1428890017123178749 1428890017122608148 570601 47.48
1428890017143723566 1428890017142974500 749066 47.56
1428890017164856591 1428890017163284615 1571976 47.54
1428890017185113826 1428890017184515316 598510 47.65
1428890017205583667 1428890017204977870 605797 47.71
1428890017226203438 1428890017225604024 599414 47.75
1428890017246596046 1428890017245925440 670606 47.81
1428890017269365591 1428890017267085364 2280227 47.61
1428890017289055528 1428890017287346463 1709065 47.75
1428890017308802855 1428890017307582252 1220603 47.87
1428890018149148006 1428890018148861865 286141 18.93
1428890018169571564 1428890018169258642 312922 19.38
1428890018190654849 1428890018190331775 323074 19.82
1428890018211326676 1428890018210869005 457671 20.25
1428890018231800283 1428890018231488177 312106 20.66
1428890018252197056 1428890018251953287 243769 21.07
1428890018272632534 1428890018272348587 283947 21.46
1428890018293112083 1428890018292786394 325689 21.85
1428890018313639319 1428890018313268468 370851 22.22
1428890018334144364 1428890018333835262 309102 22.58
1428890018354750790 1428890018354340418 410372 22.93
1428890018375234880 1428890018374924160 310720 23.27
1428890018395672130 1428890018395389158 282972 23.61
1428890018416204214 1428890018415853029 351185 23.93
1428890018436692274 1428890018436359020 333254 24.25
1428890018457170584 1428890018456867203 303381 24.56
1428890018477719193 1428890018477352114 367079 24.86
1428890018498267131 1428890018497868958 398173 25.15
1428890018518788512 1428890018518438379 350133 25.44
1428890018539307575 1428890018538955497 352078 25.72
1428890018559770627 1428890018559467632 302995 25.99
1428890018580195984 1428890018579873631 322353 26.26
1428890018600688624 1428890018600349164 339460 26.52
1428890018864151435 1428890018863914073 237362 24.07
1428890018884525556 1428890018884275959 249597 24.32
1428890018904895492 1428890018904661995 233497 24.56
1428890018926824413 1428890018925035287 1789126 24.78
1428890018947346553 1428890018947090649 255904 25.01
1428890018967737497 1428890018967488346 249151 25.24
1428890018988193871 1428890018987895580 298291 25.46
1428890019008638355 1428890019008359352 279003 25.68
1428890019035309470 1428890019031530514 3778956 25.83
1428890019053836110 1428890019051564645 2271465 26.06
1428890019072630745 1428890019071715785 914960 26.29
1428890019092466600 1428890019091892792 573808 26.50
1428890019112883275 1428890019112075237 808038 26.70
1428890019133570133 1428890019132225058 1345075 26.90
1428890019153213937 1428890019152419715 794222 27.10
1428890019173824241 1428890019172664380 1159861 27.29
1428890019194204421 1428890019193593279 611142 27.47
1428890019214601580 1428890019213801077 800503 27.66
1428890019234848646 1428890019234004689 843957 27.84
1428890019254925610 1428890019254180956 744654 28.02
1428890019275776752 1428890019274366409 1410343 28.19
1428890019296045499 1428890019294589713 1455786 28.37
1428890019315471252 1428890019314759310 711942 28.55
1428890019975547987 1428890019975268009 279978 23.19
1428890019998223072 1428890019997591575 631497 23.34
1428890020019085125 1428890020018589602 495523 23.51
1428890020039879429 1428890020039390596 488833 23.66
1428890020061983062 1428890020061137353 845709 23.81
1428890020085233682 1428890020083341764 1891918 23.95
1428890020106046676 1428890020105567981 478695 24.10
1428890020127725449 1428890020127231661 493788 24.25
1428890020148396953 1428890020147987079 409874 24.40
1428890020169136517 1428890020168654001 482516 24.54
1428890020190744069 1428890020189659829 1084240 24.68
1428890020213691783 1428890020213380412 311371 24.81
1428890020234464283 1428890020233990272 474011 24.95
1428890020256129114 1428890020255505023 624091 25.09
1428890020277940551 1428890020277381625 558926 25.22
1428890020298674594 1428890020298212378 462216 25.36
1428890020320307586 1428890020319732844 574742 25.49
1428890020341774531 1428890020340743078 1031453 25.62
1428890020365118409 1428890020363531669 1586740 25.73
1428890020390395944 1428890020386953122 3442822 25.83
1428890020408263520 1428890020407689897 573623 25.98
1428890020437451766 1428890020431411827 6039939 26.04
1428890020457167121 1428890020453769971 3397150 26.18
1428890021131777803 1428890021129673949 2103854 22.54
1428890021152931006 1428890021152243220 687786 22.66
1428890021173764252 1428890021173219658 544594 22.78
1428890021194748892 1428890021193936099 812793 22.90
1428890021217124180 1428890021215130255 1993925 23.01
1428890021239170666 1428890021237525344 1645322 23.12
1428890021260937832 1428890021259504187 1433645 23.24
1428890021281763272 1428890021281342496 420776 23.35
1428890021302464024 1428890021301966092 497932 23.47
1428890021323178238 1428890021322684479 493759 23.58
1428890021344232906 1428890021343531068 701838 23.69
1428890021364876380 1428890021364567283 309097 23.81
1428890021386719797 1428890021385075888 1643909 23.91
1428890021408878327 1428890021407198496 1679831 24.01
1428890021430071689 1428890021429623154 448535 24.12
1428890021452606831 1428890021450503435 2103396 24.22
1428890021476285052 1428890021474050793 2234259 24.31
1428890021499822119 1428890021497990206 1831913 24.40
1428890021523465123 1428890021521334448 2130675 24.49
1428890021544419836 1428890021544097302 322534 24.60
1428890021565033795 1428890021564672787 361008 24.70
1428890021585532034 1428890021585245650 286384 24.80
1428890021607558923 1428890021605752983 1805940 24.90
1428890021879307545 1428890021878957536 350009 23.96
1428890021899917873 1428890021899550600 367273 24.06
1428890021920634506 1428890021920316632 317874 24.15
1428890021944295526 1428890021942818512 1477014 24.24
1428890021965065572 1428890021964641626 423946 24.33
1428890021986468451 1428890021986144659 323792 24.43
1428890022007065470 1428890022006719334 346136 24.52
1428890022027604011 1428890022027245742 358269 24.62
1428890022050649219 1428890022049365813 1283406 24.70
1428890022071509801 1428890022071047416 462385 24.79
1428890022093039037 1428890022091704412 1334625 24.88
1428890022115459787 1428890022113433031 2026756 24.97
1428890022136186718 1428890022135800292 386426 25.06
1428890022157848842 1428890022156438844 1409998 25.14
1428890022179056989 1428890022178216334 840655 25.23
1428890022201073383 1428890022199415363 1658020 25.31
1428890022225177555 1428890022223469781 1707774 25.39
1428890022246682426 1428890022245451806 1230620 25.47
1428890022269463124 1428890022267527710 1935414 25.55
1428890022290469752 1428890022289978352 491400 25.63
1428890022312444776 1428890022311934147 510629 25.71
1428890022333182113 1428890022332743627 438486 25.80
1428890022356382080 1428890022354319525 2062555 25.87
1428890023019490874 1428890023019084244 406630 23.42
1428890023041637272 1428890023040543172 1094100 23.50
1428890023064294320 1428890023063835510 458810 23.57
1428890023085227565 1428890023084794488 433077 23.65
1428890023107914407 1428890023105617546 2296861 23.73
1428890023129074289 1428890023128303613 770676 23.81
1428890023150685367 1428890023150303885 381482 23.88
1428890023171920438 1428890023171009734 910704 23.96
1428890023193891229 1428890023192268377 1622852 24.04
1428890023214685335 1428890023214198464 486871 24.11
1428890023235207747 1428890023234828795 378952 24.19
1428890023256173995 1428890023255490437 683558 24.27
1428890023277001328 1428890023276508224 493104 24.35
1428890023297593299 1428890023297240180 353119 24.42
1428890023318603378 1428890023318118472 484906 24.50
1428890023340214872 1428890023339749748 465124 24.57
1428890023361262408 1428890023360729692 532716 24.64
1428890023381878997 1428890023381441694 437303 24.72
1428890023402418131 1428890023402065054 353077 24.79
1428890023422921903 1428890023422592200 329703 24.87
1428890023444218202 1428890023443866688 351514 24.94
1428890023465584756 1428890023464382036 1202720 25.01
1428890023486236813 1428890023485878340 358473 25.08
1428890024142823440 1428890024139982435 2841005 23.10
1428890024162967217 1428890024160463134 2504083 23.18
1428890024185744114 1428890024182946395 2797719 23.24
1428890024205288401 1428890024203240556 2047845 23.32
1428890024225677008 1428890024223541628 2135380 23.39
1428890024253260961 1428890024243869197 9391764 23.43
1428890024266302112 1428890024264059545 2242567 23.53
1428890024286370647 1428890024284400423 1970224 23.60
1428890024306149807 1428890024304656334 1493473 23.67
1428890024325898157 1428890024324848953 1049204 23.74
1428890024346493037 1428890024345839704 653333 23.81
1428890024367513789 1428890024366880114 633675 23.88
1428890024387423457 1428890024387117851 305606 23.94
1428890024408123562 1428890024407719672 403890 24.01
1428890024429854944 1428890024429479771 375173 24.07
1428890024450496471 1428890024450064025 432446 24.14
1428890024472022477 1428890024471555356 467121 24.20
1428890024494730861 1428890024493224622 1506239 24.26
1428890024515379912 1428890024515001620 378292 24.33
1428890024535992895 1428890024535583780 409115 24.39
1428890024557492773 1428890024556425016 1067757 24.45
1428890024578313526 1428890024577782270 531256 24.52
1428890024599950987 1428890024598578202 1372785 24.58
1428890024855728251 1428890024855361360 366891 24.04
1428890024875959270 1428890024875520817 438453 24.11
1428890024896308264 1428890024895744571 563693 24.17
1428890024916364134 1428890024915966520 397614 24.23
1428890024939058778 1428890024936599116 2459662 24.29
1428890024968742248 1428890024957024693 11717555 24.32
1428890024978462050 1428890024978014334 447716 24.42
1428890024999219635 1428890024998739396 480239 24.48
1428890025020388594 1428890025019824754 563840 24.54
1428890025040781565 1428890025040417230 364335 24.60
1428890025061065659 1428890025060717707 347952 24.66
1428890025081369165 1428890025080969740 399425 24.72
1428890025102529961 1428890025101899050 630911 24.78
1428890025123553036 1428890025122600627 952409 24.83
1428890025143306608 1428890025143126928 179680 24.89
1428890025163373131 1428890025163211032 162099 24.95
1428890025184106885 1428890025183766937 339948 25.01
1428890025204448043 1428890025203976112 471931 25.07
1428890025224406922 1428890025224128166 278756 25.13
1428890025244719983 1428890025244272029 447954 25.19
1428890025265034879 1428890025264571030 463849 25.25
1428890025285407851 1428890025284779472 628379 25.30
1428890025977086425 1428890025975379442 1706983 23.61
1428890025995839182 1428890025995505825 333357 23.67
1428890026017061831 1428890026016803285 258546 23.72
1428890026037991934 1428890026037467442 524492 23.78
1428890026061250711 1428890026060549441 701270 23.83
1428890026082283954 1428890026081683103 600851 23.88
1428890026103989503 1428890026102756436 1233067 23.93
1428890026125295253 1428890026124916466 378787 23.99
1428890026146852562 1428890026146361231 491331 24.04
1428890026167427037 1428890026167002534 424503 24.09
1428890026188852461 1428890026188458374 394087 24.14
1428890026210338858 1428890026209093072 1245786 24.20
1428890026231004820 1428890026230647774 357046 24.25
1428890026251460169 1428890026251175266 284903 24.30
1428890026276229275 1428890026274138851 2090424 24.34
1428890026301242231 1428890026296621669 4620562 24.39
1428890026322774543 1428890026321219514 1555029 24.44
1428890026344510409 1428890026343061499 1448910 24.48
1428890026366172205 1428890026364908096 1264109 24.53
1428890026386924044 1428890026386485404 438640 24.59
1428890026408751465 1428890026408243340 508125 24.63
1428890026433269767 1428890026432065651 1204116 24.67
1428890026454145537 1428890026453690929 454608 24.73
1428890027127515996 1428890027126967117 548879 23.30
1428890027147646450 1428890027147157704 488746 23.35
1428890027171235534 1428890027167785773 3449761 23.40
1428890027188658267 1428890027188193603 464664 23.45
1428890027211046199 1428890027210125887 920312 23.50
1428890027231706554 1428890027231353193 353361 23.55
1428890027252374340 1428890027251943204 431136 23.60
1428890027273155707 1428890027272830661 325046 23.65
1428890027294690600 1428890027294256893 433707 23.69
1428890027316298044 1428890027314925760 1372284 23.74
1428890027337079351 1428890027336647316 432035 23.79
1428890027358619296 1428890027358023079 596217 23.84
1428890027380471345 1428890027380162105 309240 23.88
1428890027403078922 1428890027401103133 1975789 23.92
1428890027423668330 1428890027423411866 256464 23.97
1428890027445000035 1428890027444621811 378224 24.02
1428890027467177714 1428890027465318030 1859684 24.06
1428890027488781550 1428890027487718716 1062834 24.11
1428890027510470402 1428890027509983278 487124 24.15
1428890027532961564 1428890027530826953 2134611 24.20
1428890027554061073 1428890027553344430 716643 24.24
1428890027575643556 1428890027574381993 1261563 24.29
1428890027597571880 1428890027595982734 1589146 24.33
1428890027864166340 1428890027863673387 492953 23.92
1428890027884670630 1428890027884381706 288924 23.97
1428890027906471664 1428890027905632976 838688 24.01
1428890027927604933 1428890027927308530 296403 24.06
1428890027948007852 1428890027947720962 286890 24.10
1428890027969920084 1428890027968171796 1748288 24.14
1428890027991055057 1428890027990162844 892213 24.19
1428890028011318721 1428890028011270292 48429 24.23
1428890028031780236 1428890028031572239 207997 24.28
1428890028052125357 1428890028051854368 270989 24.32
1428890028072534512 1428890028072255230 279282 24.37
1428890028092932049 1428890028092717513 214536 24.41
1428890028113275466 1428890028113067968 207498 24.46
1428890028135427824 1428890028133551190 1876634 24.50
1428890028157760347 1428890028157314702 445645 24.54
1428890028178406729 1428890028178009271 397458 24.58
1428890028199539529 1428890028199106440 433089 24.62
1428890028220571231 1428890028220209150 362081 24.67
1428890028241179706 1428890028240816544 363162 24.71
1428890028263222696 1428890028262829233 393463 24.75
1428890028285228853 1428890028283549893 1678960 24.79
1428890028305708974 1428890028305409669 299305 24.83
1428890028326248728 1428890028325915528 333200 24.87
1428890028996141256 1428890028995712895 428361 23.67
1428890029016714107 1428890029016361781 352326 23.71
1428890029037326264 1428890029036938753 387511 23.75
1428890029060020743 1428890029057732931 2287812 23.79
1428890029081771852 1428890029081307603 464249 23.83
1428890029105902606 1428890029103132225 2770381 23.86
1428890029128066415 1428890029125313784 2752631 23.90
1428890029147054428 1428890029145581189 1473239 23.95
1428890029166501660 1428890029165818831 682829 23.99
1428890029186673811 1428890029186043000 630811 24.03
1428890029208323394 1428890029206369440 1953954 24.07
1428890029227589217 1428890029226819333 769884 24.11
1428890029247586764 1428890029247002181 584583 24.16
1428890029269093269 1428890029267310345 1782924 24.19
1428890029289802451 1428890029287611047 2191404 24.23
1428890029308570531 1428890029307931492 639039 24.28
1428890029332120484 1428890029330326727 1793757 24.31
1428890029352135674 1428890029350637911 1497763 24.35
1428890029372447631 1428890029370913534 1534097 24.39
1428890029393182079 1428890029391221789 1960290 24.43
1428890029413304889 1428890029411629264 1675625 24.47
1428890029438172901 1428890029432972960 5199941 24.50
1428890029461778484 1428890029458707628 3070856 24.54
1428890030123430053 1428890030123083136 346917 23.47
1428890030145430169 1428890030143753823 1676346 23.50
1428890030166358204 1428890030165930794 427410 23.54
1428890030187795468 1428890030186607640 1187828 23.58
1428890030210580159 1428890030208391021 2189138 23.61
1428890030236122648 1428890030235306257 816391 23.64
1428890030256844770 1428890030256398001 446769 23.68
1428890030278425370 1428890030277686230 739140 23.72
1428890030299598851 1428890030298616096 982755 23.75
1428890030319858252 1428890030318887557 970695 23.79
1428890030340578338 1428890030339787592 790746 23.83
1428890030361535263 1428890030360533240 1002023 23.87
1428890030381895069 1428890030380816437 1078632 23.91
1428890030401912832 1428890030400960043 952789 23.94
1428890030423897615 1428890030422399501 1498114 23.98
1428890030443246935 1428890030442567801 679134 24.02
1428890030463922284 1428890030462930963 991321 24.05
1428890030485948138 1428890030484874302 1073836 24.09
1428890030506471599 1428890030505695009 776590 24.13
1428890030526922175 1428890030525921349 1000826 24.16
1428890030548502714 1428890030546074574 2428140 24.20
1428890030567076402 1428890030566347700 728702 24.24
1428890030588762345 1428890030586622243 2140102 24.27
1428890030854300144 1428890030853966763 333381 23.96
1428890030876579760 1428890030874642360 1937400 23.99
1428890030897178740 1428890030896765908 412832 24.02
1428890030917846885 1428890030917394183 452702 24.06
1428890030938327192 1428890030938015119 312073 24.10
1428890030960668955 1428890030958671810 1997145 24.13
1428890030981485731 1428890030981040577 445154 24.16
1428890031003123026 1428890031002544103 578923 24.20
1428890031024836488 1428890031023448486 1388002 24.23
1428890031045519180 1428890031045111393 407787 24.27
1428890031066225391 1428890031065771518 453873 24.30
1428890031086783325 1428890031086368865 414460 24.34
1428890031108604613 1428890031107093883 1510730 24.37
1428890031130508893 1428890031129020508 1488385 24.40
1428890031152483141 1428890031150863373 1619768 24.43
1428890031173339536 1428890031172778732 560804 24.47
1428890031194487864 1428890031193692221 795643 24.50
1428890031215791088 1428890031214769522 1021566 24.54
1428890031236396973 1428890031236033085 363888 24.57
1428890031257789889 1428890031256650555 1139334 24.60
1428890031279623628 1428890031278134978 1488650 24.63
1428890031302119036 1428890031301698342 420694 24.67
1428890031323913957 1428890031322382379 1531578 24.70
1428890032001044023 1428890032000075117 968906 23.73
1428890032022558903 1428890032021326336 1232567 23.76
1428890032045316014 1428890032042991558 2324456 23.79
1428890032067692544 1428890032065821077 1871467 23.82
1428890032088450279 1428890032088052856 397423 23.85
1428890032110684276 1428890032108841495 1842781 23.88
1428890032133915684 1428890032133542648 373036 23.91
1428890032156009464 1428890032155692061 317403 23.94
1428890032177540846 1428890032177093926 446920 23.98
1428890032199054027 1428890032197801422 1252605 24.01
1428890032220184167 1428890032219456973 727194 24.04
1428890032240812832 1428890032240412210 400622 24.07
1428890032261551037 1428890032261100585 450452 24.10
1428890032283529346 1428890032282756905 772441 24.13
1428890032305054896 1428890032303839656 1215240 24.17
1428890032325894351 1428890032325430300 464051 24.20
1428890032348618308 1428890032346275989 2342319 24.23
1428890032370254979 1428890032369969057 285922 24.26
1428890032390881333 1428890032390409227 472106 24.29
1428890032413164927 1428890032411203069 1961858 24.32
1428890032435005467 1428890032433480246 1525221 24.35
1428890032455937162 1428890032455335594 601568 24.38
1428890032476530173 1428890032476172700 357473 24.41
1428890033143583055 1428890033142987485 595570 23.54
1428890033165764696 1428890033163919431 1845265 23.57
1428890033188011391 1428890033186082865 1928526 23.59
1428890033209994443 1428890033208386071 1608372 23.62
1428890033230911270 1428890033230575635 335635 23.65
1428890033252805009 1428890033251137189 1667820 23.68
1428890033276902401 1428890033275370783 1531618 23.71
1428890033297371203 1428890033297059168 312035 23.74
1428890033323865000 1428890033322413777 1451223 23.76
1428890033345298925 1428890033345013763 285162 23.79
1428890033365762380 1428890033365475929 286451 23.82
1428890033386212215 1428890033385870751 341464 23.86
1428890033407331545 1428890033406501731 829814 23.89
1428890033431625889 1428890033430119920 1505969 23.91
1428890033454586259 1428890033452192430 2393829 23.94
1428890033475225168 1428890033474863587 361581 23.97
1428890033496630530 1428890033496274600 355930 24.00
1428890033517871451 1428890033517016299 855152 24.03
1428890033541836488 1428890033539077521 2758967 24.05
1428890033562473718 1428890033562159736 313982 24.08
1428890033582970799 1428890033582650338 320461 24.11
1428890033603546904 1428890033603162653 384251 24.14
1428890033624004583 1428890033623723003 281580 24.17
1428890033892924771 1428890033892458419 466352 23.91
1428890033914690619 1428890033913187329 1503290 23.94
1428890033935542662 1428890033935029895 512767 23.97
1428890033956318002 1428890033955916728 401274 24.00
1428890033976854177 1428890033976478888 375289 24.03
1428890033997507341 1428890033997271152 236189 24.05
1428890034017977726 1428890034017688388 289338 24.08
1428890034038463802 1428890034038139045 324757 24.11
1428890034058991590 1428890034058646261 345329 24.14
1428890034079508688 1428890034079172321 336367 24.17
1428890034101453076 1428890034099971244 1481832 24.20
1428890034122810129 1428890034121758875 1051254 24.23
1428890034145171164 1428890034143272151 1899013 24.25
1428890034164487257 1428890034163906810 580447 24.28
1428890034184985036 1428890034184641029 344007 24.31
1428890034205335067 1428890034205097337 237730 24.34
1428890034226474126 1428890034226240705 233421 24.37
1428890034247646804 1428890034247484108 162696 24.40
1428890034273158348 1428890034271891086 1267262 24.42
1428890034295474676 1428890034293711856 1762820 24.45
1428890034320421066 1428890034320140933 280133 24.47
1428890034342562465 1428890034340751881 1810584 24.49
1428890034363559072 1428890034363093072 466000 24.52
1428890035039870566 1428890035039456232 414334 23.72
1428890035060477319 1428890035060091429 385890 23.75
1428890035082777531 1428890035080815144 1962387 23.78
1428890035103485391 1428890035103114360 371031 23.80
1428890035124773537 1428890035123738141 1035396 23.83
1428890035145246480 1428890035144953619 292861 23.86
1428890035165853417 1428890035165471480 381937 23.89
1428890035186329161 1428890035186083266 245895 23.91
1428890035206831942 1428890035206496167 335775 23.94
1428890035227380845 1428890035227025954 354891 23.97
1428890035247834102 1428890035247553974 280128 24.00
1428890035268326153 1428890035268020313 305840 24.02
1428890035289821651 1428890035288552277 1269374 24.05
1428890035311600372 1428890035311273650 326722 24.08
1428890035333768625 1428890035331787767 1980858 24.10
1428890035359300206 1428890035354789484 4510722 24.12
1428890035380678098 1428890035380286382 391716 24.15
1428890035401102171 1428890035400808241 293930 24.18
1428890035421681164 1428890035421293528 387636 24.20
1428890035442246577 1428890035441877010 369567 24.23
1428890035462746621 1428890035462425952 320669 24.26
1428890035483213979 1428890035482897986 315993 24.28
1428890035505586242 1428890035503980153 1606089 24.31
1428890036174708464 1428890036174150854 557610 23.62
1428890036198127509 1428890036196746407 1381102 23.65
1428890036219112038 1428890036218517264 594774 23.67
1428890036239809737 1428890036239369956 439781 23.70
1428890036262515901 1428890036262256769 259132 23.72
1428890036284326056 1428890036283384287 941769 23.75
1428890036304016921 1428890036303759879 257042 23.77
1428890036325085891 1428890036324787907 297984 23.80
1428890036348303471 1428890036346130652 2172819 23.82
1428890036368689240 1428890036368465316 223924 23.85
1428890036389095623 1428890036388866146 229477 23.87
1428890036409517706 1428890036409276377 241329 23.90
1428890036433749050 1428890036432803068 945982 23.92
1428890036455295792 1428890036454863548 432244 23.95
1428890036478038247 1428890036476475077 1563170 23.97
1428890036499568208 1428890036498414327 1153881 23.99
1428890036520163066 1428890036519794596 368470 24.02
1428890036545496018 1428890036541806037 3689981 24.04
1428890036571122891 1428890036569424563 1698328 24.06
1428890036591847379 1428890036591441905 405474 24.08
1428890036614490775 1428890036612140826 2349949 24.11
1428890036635649832 1428890036635235072 414760 24.13
1428890036656920456 1428890036656521187 399269 24.16
1428890036925382715 1428890036925158555 224160 23.93
1428890036945415682 1428890036945190680 225002 23.96
1428890036965880617 1428890036965412700 467917 23.99
1428890036986301290 1428890036986136151 165139 24.01
1428890037006720496 1428890037006233101 487395 24.04
1428890037027189238 1428890037026829030 360208 24.06
1428890037047941647 1428890037047591335 350312 24.09
1428890037068850276 1428890037068408735 441541 24.11
1428890037088742788 1428890037088523557 219231 24.14
1428890037109801872 1428890037109409622 392250 24.16
1428890037131505009 1428890037130866288 638721 24.18
1428890037151898543 1428890037151000981 897562 24.21
1428890037172326962 1428890037171366879 960083 24.23
1428890037194358466 1428890037192068678 2289788 24.26
1428890037214085794 1428890037212311284 1774510 24.28
1428890037234168964 1428890037232586777 1582187 24.31
1428890037254402429 1428890037254185195 217234 24.33
1428890037276165706 1428890037275071673 1094033 24.35
1428890037297663761 1428890037296884043 779718 24.38
1428890037321222734 1428890037320941249 281485 24.40
1428890037344411811 1428890037343154347 1257464 24.42
1428890037365985097 1428890037365039856 945241 24.44
1428890037389134980 1428890037387354490 1780490 24.46
1428890038051009514 1428890038049092339 1917175 23.80
1428890038072822701 1428890038071429769 1392932 23.82
1428890038094199071 1428890038093754897 444174 23.84
1428890038114593544 1428890038114364595 228949 23.87
1428890038135085926 1428890038134766152 319774 23.89
1428890038157592606 1428890038155357181 2235425 23.91
1428890038178329349 1428890038177912857 416492 23.93
1428890038198895484 1428890038198525165 370319 23.96
1428890038219477149 1428890038219098525 378624 23.98
1428890038241835697 1428890038241028244 807453 24.00
1428890038262485012 1428890038262106052 378960 24.03
1428890038282994421 1428890038282671894 322527 24.05
1428890038303851370 1428890038303562692 288678 24.07
1428890038325662912 1428890038325365205 297707 24.10
1428890038346162056 1428890038345941264 220792 24.12
1428890038367094102 1428890038366783217 310885 24.14
1428890038387949790 1428890038387480757 469033 24.17
1428890038412415112 1428890038410401018 2014094 24.18
1428890038432938235 1428890038432697705 240530 24.21
1428890038453998431 1428890038453609079 389352 24.23
1428890038476337541 1428890038474997045 1340496 24.25
1428890038498040248 1428890038496659530 1380718 24.27
1428890038518219390 1428890038517687259 532131 24.30
1428890039184059518 1428890039180498725 3560793 23.66
1428890039205809209 1428890039200670658 5138551 23.68
1428890039222375348 1428890039220823277 1552071 23.71
1428890039243185624 1428890039241110811 2074813 23.73
1428890039262675004 1428890039261335910 1339094 23.76
1428890039283533726 1428890039282351124 1182602 23.78
1428890039305384717 1428890039302758099 2626618 23.80
1428890039324925383 1428890039323029309 1896074 23.83
1428890039348990072 1428890039344326592 4663480 23.84
1428890039370788528 1428890039366639149 4149379 23.87
1428890039390551497 1428890039386944731 3606766 23.89
1428890039408973795 1428890039407732373 1241422 23.91
1428890039432909177 1428890039431408974 1500203 23.93
1428890039454980954 1428890039453164427 1816527 23.95
1428890039475672352 1428890039475344597 327755 23.98
1428890039497746582 1428890039495777885 1968697 24.00
1428890039519344489 1428890039518023728 1320761 24.02
1428890039543554221 1428890039541536141 2018080 24.04
1428890039566589514 1428890039565345069 1244445 24.06
1428890039587225064 1428890039586721373 503691 24.08
1428890039608392735 1428890039607191362 1201373 24.10
1428890039628144473 1428890039627669892 474581 24.12
1428890039650817177 1428890039648296878 2520299 24.14
1428890039913764518 1428890039913537010 227508 23.95
1428890039934412488 1428890039934306517 105971 23.98
1428890039954879546 1428890039954551888 327658 24.00
1428890039977606068 1428890039975162148 2443920 24.02
1428890039999443712 1428890039998008215 1435497 24.04
1428890040020233376 1428890040019780078 453298 24.06
1428890040040778708 1428890040040491329 287379 24.08
1428890040062887093 1428890040061003392 1883701 24.10
1428890040083593832 1428890040083181418 412414 24.12
1428890040105135104 1428890040103794048 1341056 24.14
1428890040125932705 1428890040125459938 472767 24.17
1428890040146585860 1428890040146104589 481271 24.19
1428890040169097833 1428890040167799761 1298072 24.21
1428890040191721205 1428890040190826158 895047 24.23
1428890040212441613 1428890040212005105 436508 24.25
1428890040233135122 1428890040232655464 479658 24.27
1428890040256635600 1428890040254307772 2327828 24.29
1428890040278925765 1428890040277123348 1802417 24.31
1428890040300775625 1428890040299312133 1463492 24.33
1428890040321828186 1428890040321070285 757901 24.35
1428890040343943882 1428890040342180586 1763296 24.37
1428890040364876257 1428890040364343794 532463 24.39
1428890040387081941 1428890040386658001 423940 24.41
1428890041063579716 1428890041063395981 183735 23.81
1428890041093424059 1428890041091855339 1568720 23.82
1428890041112789360 1428890041112290360 499000 23.84
1428890041133170672 1428890041132508541 662131 23.86
1428890041154331477 1428890041153680244 651233 23.88
1428890041175598913 1428890041174054139 1544774 23.90
1428890041195614647 1428890041194993736 620911 23.93
1428890041216539649 1428890041215202743 1336906 23.95
1428890041240741248 1428890041235872817 4868431 23.96
1428890041258242371 1428890041256563822 1678549 23.99
1428890041280439003 1428890041278202984 2236019 24.01
1428890041299189446 1428890041298843209 346237 24.03
1428890041321469331 1428890041321221864 247467 24.05
1428890041343062087 1428890041342801799 260288 24.07
1428890041363595487 1428890041363274256 321231 24.09
1428890041387009695 1428890041384834915 2174780 24.11
1428890041407548167 1428890041407266769 281398 24.13
1428890041430116409 1428890041427735833 2380576 24.14
1428890041451729431 1428890041450434512 1294919 24.16
1428890041473154634 1428890041471954696 1199938 24.18
1428890041494779237 1428890041493347564 1431673 24.20
1428890041518065162 1428890041516062193 2002969 24.22
1428890041538713517 1428890041538423846 289671 24.24
1428890041796755107 1428890041796373561 381546 24.07
1428890041820235675 1428890041818521233 1714442 24.09
1428890041842169134 1428890041840691849 1477285 24.11
1428890041863482351 1428890041862436437 1045914 24.13
1428890041884261471 1428890041883824648 436823 24.15
1428890041905848963 1428890041905531874 317089 24.17
1428890041926873923 1428890041926133198 740725 24.18
1428890041947968906 1428890041947258620 710286 24.20
1428890041970197750 1428890041968415674 1782076 24.22
1428890041990855291 1428890041990498548 356743 24.24
1428890042011998068 1428890042011138624 859444 24.26
1428890042035176623 1428890042033722276 1454347 24.28
1428890042057222680 1428890042055589954 1632726 24.30
1428890042079247919 1428890042077730234 1517685 24.32
1428890042100182907 1428890042099590537 592370 24.34
1428890042122109461 1428890042120757312 1352149 24.35
1428890042144853999 1428890042142716989 2137010 24.37
1428890042167102537 1428890042165526485 1576052 24.39
1428890042189186420 1428890042187481235 1705185 24.41
1428890042211967645 1428890042211718243 249402 24.43
1428890042233278986 1428890042232906615 372371 24.44
1428890042255301098 1428890042253563362 1737736 24.46
1428890042276594159 1428890042275690810 903349 24.48
1428890042937126875 1428890042936892104 234771 23.94
1428890042960831065 1428890042959120083 1710982 23.95
1428890042983418412 1428890042981291769 2126643 23.97
1428890043005118272 1428890043003831060 1287212 23.99
1428890043027647807 1428890043025566948 2080859 24.01
1428890043048396998 1428890043048004880 392118 24.03
1428890043070510314 1428890043068713275 1797039 24.05
1428890043091300038 1428890043090830921 469117 24.06
1428890043112319395 1428890043111928138 391257 24.08
1428890043132773680 1428890043132509069 264611 24.10
1428890043153244502 1428890043152950308 294194 24.12
1428890043175667688 1428890043173625573 2042115 24.14
1428890043196538418 1428890043196079331 459087 24.16
1428890043217137829 1428890043216715887 421942 24.18
1428890043239200988 1428890043238100679 1100309 24.19
1428890043261235690 1428890043259582446 1653244 24.21
1428890043283388855 1428890043281651654 1737201 24.23
1428890043305204663 1428890043303749926 1454737 24.25
1428890043326438625 1428890043325786408 652217 24.27
1428890043348063323 1428890043347668902 394421 24.28
1428890043368781158 1428890043368291109 490049 24.30
1428890043390756393 1428890043389097286 1659107 24.32
1428890043412581766 1428890043411113967 1467799 24.34
1428890044068132825 1428890044067849325 283500 23.83
1428890044089170823 1428890044088517950 652873 23.84
1428890044110023060 1428890044109538548 484512 23.86
1428890044132458722 1428890044131073474 1385248 23.88
1428890044154413333 1428890044152791059 1622274 23.90
1428890044176711507 1428890044174786256 1925251 23.91
1428890044198639624 1428890044197236832 1402792 23.93
1428890044221621139 1428890044219258198 2362941 23.95
1428890044245204607 1428890044239937616 5266991 23.96
1428890044261759075 1428890044260914051 845024 23.99
1428890044285620526 1428890044282180379 3440147 24.00
1428890044304614704 1428890044302551298 2063406 24.02
1428890044323988327 1428890044322786211 1202116 24.04
1428890044344966288 1428890044343110390 1855898 24.06
1428890044365356083 1428890044363358986 1997097 24.08
1428890044384415821 1428890044383570469 845352 24.10
1428890044405639443 1428890044403797774 1841669 24.11
1428890044424809471 1428890044424042214 767257 24.13
1428890044445290578 1428890044444283634 1006944 24.15
1428890044464991511 1428890044464518253 473258 24.17
1428890044486578220 1428890044485260974 1317246 24.19
1428890044507964059 1428890044506829943 1134116 24.21
1428890044529297575 1428890044528915181 382394 24.22
1428890045188512073 1428890045188129771 382302 23.73
1428890045209280017 1428890045208758023 521994 23.75
1428890045229995830 1428890045229529322 466508 23.77
1428890045251697335 1428890045251108474 588861 23.78
1428890045273828693 1428890045272155486 1673207 23.80
1428890045294338970 1428890045294085954 253016 23.82
1428890045314818627 1428890045314488100 330527 23.84
1428890045336800191 1428890045335014730 1785461 23.85
1428890045358633060 1428890045357317184 1315876 23.87
1428890045379153492 1428890045378880761 272731 23.89
1428890045399717599 1428890045399327079 390520 23.91
1428890045420118106 1428890045419884407 233699 23.92
1428890045445135009 1428890045443748125 1386884 23.94
1428890045465725050 1428890045465346498 378552 23.95
1428890045486286007 1428890045485923849 362158 23.97
1428890045506726792 1428890045506446819 279973 23.99
1428890045527381613 1428890045526915647 465966 24.01
1428890045548619343 1428890045548141697 477646 24.02
1428890045570860662 1428890045569693314 1167348 24.04
1428890045593137247 1428890045591350162 1787085 24.06
1428890045613820475 1428890045613361886 458589 24.07
1428890045635617958 1428890045634681409 936549 24.09
1428890045657635798 1428890045657141888 493910 24.11
1428890045925492059 1428890045923967304 1524755 23.95
1428890045946673505 1428890045944433584 2239921 23.97
1428890045964991660 1428890045964586640 405020 23.99
1428890045985143186 1428890045984822127 321059 24.01
1428890046005658243 1428890046005291683 366560 24.03
1428890046026330290 1428890046025984901 345389 24.04
1428890046046910947 1428890046046496438 414509 24.06
1428890046069675708 1428890046069341748 333960 24.08
1428890046094864467 1428890046093553223 1311244 24.09
1428890046116442208 1428890046116245662 196546 24.11
1428890046140579270 1428890046140315832 263438 24.12
1428890046162768608 1428890046161118590 1650018 24.14
1428890046183289870 1428890046183046282 243588 24.15
1428890046207021360 1428890046206052550 968810 24.17
1428890046228293493 1428890046227776609 516884 24.18
1428890046248280178 1428890046248087824 192354 24.20
1428890046269178925 1428890046268784530 394395 24.22
1428890046290180393 1428890046289704923 475470 24.23
1428890046310387060 1428890046309910022 477038 24.25
1428890046331476795 1428890046330928820 547975 24.27
1428890046352217619 1428890046351770689 446930 24.29
1428890046372297272 1428890046371934143 363129 24.30
1428890046392597118 1428890046392393253 203865 24.32
1428890047065637750 1428890047065394474 243276 23.84
1428890047087045249 1428890047086557638 487611 23.86
1428890047108053711 1428890047107577213 476498 23.88
1428890047128152205 1428890047127774341 377864 23.89
1428890047148970637 1428890047148576340 394297 23.91
1428890047170355354 1428890047169578795 776559 23.93
1428890047193671549 1428890047191314385 2357164 23.94
1428890047217112937 1428890047212841627 4271310 23.96
1428890047233774026 1428890047233055102 718924 23.98
1428890047255156431 1428890047253349110 1807321 23.99
1428890047275349007 1428890047273658473 1690534 24.01
1428890047294452295 1428890047293963864 488431 24.03
1428890047314807286 1428890047314412787 394499 24.04
1428890047338290464 1428890047336033749 2256715 24.06
1428890047360112999 1428890047357738898 2374101 24.07
1428890047381109482 1428890047380466754 642728 24.09
1428890047401050407 1428890047400666895 383512 24.11
1428890047421682935 1428890047421240614 442321 24.12
1428890047442437667 1428890047441901843 535824 24.14
1428890047463559540 1428890047462112399 1447141 24.16
1428890047483358542 1428890047482439047 919495 24.17
1428890047504733678 1428890047502715747 2017931 24.19
1428890047523500102 1428890047522939439 560663 24.21
1428890048184405916 1428890048183997496 408420 23.79
1428890048205289820 1428890048204982489 307331 23.81
1428890048225842058 1428890048225578533 263525 23.82
1428890048251078889 1428890048249161111 1917778 23.84
1428890048271655405 1428890048271394059 261346 23.85
1428890048294367349 1428890048292299914 2067435 23.87
1428890048315446536 1428890048315053679 392857 23.88
1428890048336610293 1428890048335749062 861231 23.90
1428890048357314080 1428890048356911508 402572 23.91
1428890048379071418 1428890048377613600 1457818 23.93
1428890048401078404 1428890048399362540 1715864 23.94
1428890048423460313 1428890048421506395 1953918 23.96
1428890048445572043 1428890048443830509 1741534 23.97
1428890048466358244 1428890048465945180 413064 23.99
1428890048487879355 1428890048486628054 1251301 24.01
1428890048509501095 1428890048508184532 1316563 24.02
1428890048531302290 1428890048530917279 385011 24.04
1428890048551980596 1428890048551521564 459032 24.05
1428890048573651610 1428890048573243864 407746 24.07
1428890048595390508 1428890048593940321 1450187 24.08
1428890048617124668 1428890048615617220 1507448 24.10
1428890048637746169 1428890048637374073 372096 24.11
1428890048658569213 1428890048657907208 662005 24.13
1428890048924467391 1428890048924110091 357300 23.99
1428890048946695402 1428890048944774970 1920432 24.00
1428890048967562380 1428890048967062122 500258 24.02
1428890048988267309 1428890048987914952 352357 24.04
1428890049008936290 1428890049008494560 441730 24.05
1428890049030085408 1428890049029704323 381085 24.07
1428890049050667953 1428890049050287163 380790 24.08
1428890049071928430 1428890049070913360 1015070 24.10
1428890049092648711 1428890049092251738 396973 24.11
1428890049115089698 1428890049113023586 2066112 24.13
1428890049135892383 1428890049135452143 440240 24.14
1428890049157156581 1428890049156746528 410053 24.16
1428890049179875151 1428890049178145937 1729214 24.17
1428890049200603162 1428890049200153119 450043 24.19
1428890049224935001 1428890049220858030 4076971 24.20
1428890049248508590 1428890049245291914 3216676 24.21
1428890049270834857 1428890049269166795 1668062 24.23
1428890049289684186 1428890049289284312 399874 24.24
1428890049321277921 1428890049309568107 11709814 24.25
1428890049330506829 1428890049329935581 571248 24.28
1428890049351091256 1428890049350169876 921380 24.29
1428890049372131074 1428890049370435718 1695356 24.31
1428890049391771379 1428890049390750876 1020503 24.32
1428890050049167165 1428890050047768459 1398706 23.90
1428890050071096408 1428890050069516685 1579723 23.91
1428890050092989048 1428890050091513532 1475516 23.93
1428890050115067391 1428890050113410641 1656750 23.94
1428890050135985557 1428890050135453619 531938 23.96
1428890050158183443 1428890050156556201 1627242 23.97
1428890050179038260 1428890050178479181 559079 23.99
1428890050201733264 1428890050200382846 1350418 24.00
1428890050223172261 1428890050222792115 380146 24.02
1428890050243927126 1428890050243457371 469755 24.03
1428890050266629960 1428890050265223939 1406021 24.04
1428890050287387241 1428890050286956732 430509 24.06
1428890050307878914 1428890050307585745 293169 24.07
1428890050328626814 1428890050328106066 520748 24.09
1428890050349417607 1428890050348888345 529262 24.10
1428890050370131900 1428890050369675862 456038 24.12
1428890050391334741 1428890050390342847 991894 24.13
1428890050412681541 1428890050411667086 1014455 24.15
1428890050433394596 1428890050432977944 416652 24.16
1428890050454676557 1428890050454149335 527222 24.18
1428890050477098135 1428890050475074708 2023427 24.19
1428890050499989617 1428890050498351163 1638454 24.20
1428890050521432133 1428890050520649110 783023 24.22
1428890051182203959 1428890051180297300 1906659 23.84
1428890051204788763 1428890051203491261 1297502 23.85
1428890051228628268 1428890051228411368 216900 23.87
1428890051252011436 1428890051249370452 2640984 23.88
1428890051274542796 1428890051272681640 1861156 23.89
1428890051295093288 1428890051294843964 249324 23.91
1428890051315653594 1428890051315258684 394910 23.92
1428890051337253720 1428890051336823448 430272 23.94
1428890051360650223 1428890051360409060 241163 23.95
1428890051381227592 1428890051381030893 196699 23.96
1428890051405896922 1428890051403803931 2092991 23.98
1428890051428747833 1428890051426809676 1938157 23.99
1428890051453294998 1428890051452920148 374850 24.00
1428890051473908233 1428890051473545248 362985 24.01
1428890051494393812 1428890051494062202 331610 24.03
1428890051514972593 1428890051514580028 392565 24.04
1428890051539919749 1428890051538956462 963287 24.06
1428890051561584799 1428890051560798904 785895 24.07
1428890051582248611 1428890051581338769 909842 24.08
1428890051603092775 1428890051601638618 1454157 24.10
1428890051622827185 1428890051622064316 762869 24.11
1428890051643611208 1428890051642664474 946734 24.13
1428890051664609594 1428890051662913982 1695612 24.14
1428890051927484428 1428890051927129867 354561 24.02
1428890051948128854 1428890051947737724 391130 24.03
1428890051970254596 1428890051968524910 1729686 24.05
1428890051990800379 1428890051990565100 235279 24.06
1428890052011316732 1428890052010966521 350211 24.07
1428890052031857340 1428890052031514083 343257 24.09
1428890052053063275 1428890052052724912 338363 24.10
1428890052074475358 1428890052074153598 321760 24.12
1428890052095341746 1428890052094977999 363747 24.13
1428890052118450722 1428890052116699849 1750873 24.14
1428890052140264089 1428890052138917302 1346787 24.16
1428890052162174954 1428890052160659104 1515850 24.17
1428890052183288312 1428890052182549737 738575 24.18
1428890052204654597 1428890052204366561 288036 24.20
1428890052225113877 1428890052224803613 310264 24.21
1428890052245692166 1428890052245300914 391252 24.23
1428890052266204361 1428890052265874225 330136 24.24
1428890052286752620 1428890052286384711 367909 24.25
1428890052309033604 1428890052307218870 1814734 24.27
1428890052329786771 1428890052329296447 490324 24.28
1428890052350409770 1428890052349949936 459834 24.29
1428890052373521355 1428890052371600230 1921125 24.31
1428890052394236897 1428890052393892667 344230 24.32
1428890053060855241 1428890053060457357 397884 23.93
1428890053082484645 1428890053082005712 478933 23.94
1428890053105084489 1428890053103614044 1470445 23.95
1428890053126552437 1428890053125420599 1131838 23.97
1428890053148668765 1428890053147209478 1459287 23.98
1428890053169865999 1428890053169079466 786533 23.99
1428890053190401107 1428890053190121932 279175 24.01
1428890053210864028 1428890053210569092 294936 24.02
1428890053231428586 1428890053231044027 384559 24.04
1428890053251869249 1428890053251616503 252746 24.05
1428890053272666106 1428890053272098263 567843 24.06
1428890053293445554 1428890053292975298 470256 24.08
1428890053315560036 1428890053314159877 1400159 24.09
1428890053336270824 1428890053335830726 440098 24.10
1428890053358078143 1428890053357584955 493188 24.12
1428890053379197663 1428890053378387778 809885 24.13
1428890053401159919 1428890053399566201 1593718 24.14
1428890053421955608 1428890053421463084 492524 24.16
1428890053442637631 1428890053442165984 471647 24.17
1428890053463207573 1428890053462791656 415917 24.18
1428890053487296807 1428890053485140827 2155980 24.20
1428890053508047043 1428890053507775883 271160 24.21
1428890053532476321 1428890053528328625 4147696 24.22
1428890054203323707 1428890054201555606 1768101 23.84
1428890054225438020 1428890054225036597 401423 23.85
1428890054247353028 1428890054246990640 362388 23.86
1428890054270095265 1428890054267531358 2563907 23.88
1428890054297347821 1428890054295478576 1869245 23.89
1428890054318869156 1428890054315974261 2894895 23.90
1428890054336549187 1428890054336084616 464571 23.91
1428890054358084448 1428890054356217321 1867127 23.93
1428890054377553930 1428890054376748859 805071 23.94
1428890054397609323 1428890054397001487 607836 23.96
1428890054417829541 1428890054417216518 613023 23.97
1428890054437773369 1428890054437388280 385089 23.98
1428890054458254906 1428890054457606041 648865 24.00
1428890054479368661 1428890054477910558 1458103 24.01
1428890054500944209 1428890054499065546 1878663 24.02
1428890054521453667 1428890054519255804 2197863 24.04
1428890054541108297 1428890054539510761 1597536 24.05
1428890054561635774 1428890054559842979 1792795 24.06
1428890054582319092 1428890054580160144 2158948 24.08
1428890054602555160 1428890054600434706 2120454 24.09
1428890054621234997 1428890054620785490 449507 24.11
1428890054641229406 1428890054640944774 284632 24.12
1428890054661909844 1428890054661421207 488637 24.13
1428890054915072988 1428890054914951784 121204 24.02
1428890054940320391 1428890054935511278 4809113 24.03
1428890054963111519 1428890054962828324 283195 24.05
1428890054983816242 1428890054983381538 434704 24.06
1428890055005780156 1428890055004759377 1020779 24.07
1428890055028384369 1428890055026414673 1969696 24.08
1428890055049545833 1428890055049183920 361913 24.10
1428890055071199869 1428890055070761382 438487 24.11
1428890055093414767 1428890055091515090 1899677 24.12
1428890055114081875 1428890055113761593 320282 24.13
1428890055135116722 1428890055134379080 737642 24.15
1428890055157023963 1428890055155490199 1533764 24.16
1428890055178428448 1428890055177360837 1067611 24.17
1428890055199134268 1428890055198700447 433821 24.19
1428890055225060271 1428890055220551052 4509219 24.19
1428890055252915187 1428890055250977919 1937268 24.20
1428890055273875557 1428890055273381416 494141 24.22
1428890055295256751 1428890055294548544 708207 24.23
1428890055320453523 1428890055319165329 1288194 24.24
1428890055341693645 1428890055340744404 949241 24.25
1428890055364809019 1428890055362115436 2693583 24.26
1428890055387664303 1428890055385386287 2278016 24.27
1428890055409064845 1428890055408005930 1058915 24.29
1428890056088058654 1428890056087716047 342607 23.92
1428890056109347118 1428890056108819630 527488 23.93
1428890056129915116 1428890056129590713 324403 23.94
1428890056150335738 1428890056150084954 250784 23.96
1428890056170877120 1428890056170523146 353974 23.97
1428890056191333169 1428890056191035485 297684 23.98
1428890056211756553 1428890056211453162 303391 23.99
1428890056232265113 1428890056231892014 373099 24.01
1428890056253239260 1428890056252546179 693081 24.02
1428890056273970186 1428890056273542809 427377 24.03
1428890056297011844 1428890056295346783 1665061 24.04
1428890056320139521 1428890056319004024 1135497 24.06
1428890056341694744 1428890056340472378 1222366 24.07
1428890056363930869 1428890056362073590 1857279 24.08
1428890056384935572 1428890056384285629 649943 24.09
1428890056406241727 1428890056405838015 403712 24.10
1428890056428226888 1428890056426575457 1651431 24.12
1428890056450821413 1428890056450396975 424438 24.13
1428890056472977714 1428890056471181521 1796193 24.14
1428890056494379596 1428890056493278461 1101135 24.15
1428890056516313352 1428890056514722702 1590650 24.16
1428890056537731621 1428890056536839937 891684 24.18
1428890056562562301 1428890056560197051 2365250 24.19
1428890056836939808 1428890056836288926 650882 24.07
1428890056869412432 1428890056869063821 348611 24.08
1428890056890915966 1428890056890717762 198204 24.09
1428890056911888956 1428890056911061353 827603 24.10
1428890056931480641 1428890056931270514 210127 24.11
1428890056953243452 1428890056953110494 132958 24.12
1428890056975172927 1428890056974438333 734594 24.14
1428890056996246073 1428890056995555311 690762 24.15
1428890057016409937 1428890057016018010 391927 24.16
1428890057037423087 1428890057036875004 548083 24.17
1428890057057818030 1428890057057264167 553863 24.19
1428890057081008032 1428890057077634007 3374025 24.20
1428890057099156291 1428890057098654022 502269 24.21
1428890057119609148 1428890057119161323 447825 24.22
1428890057140040849 1428890057139368476 672373 24.24
1428890057161442994 1428890057160539143 903851 24.25
1428890057182195704 1428890057181280844 914860 24.26
1428890057202653511 1428890057202134394 519117 24.27
1428890057223362318 1428890057222764860 597458 24.29
1428890057244401871 1428890057242899145 1502726 24.30
1428890057265051573 1428890057263786028 1265545 24.31
1428890057284793209 1428890057284159803 633406 24.32
1428890057305403437 1428890057304796430 607007 24.33
1428890057968507449 1428890057966650977 1856472 23.99
1428890057989247948 1428890057987060572 2187376 24.00
1428890058009374868 1428890058007381318 1993550 24.02
1428890058031070250 1428890058027760495 3309755 24.03
1428890058050423939 1428890058049289028 1134911 24.04
1428890058071402429 1428890058070932314 470115 24.05
1428890058093250554 1428890058092572153 678401 24.06
1428890058114938469 1428890058113648589 1289880 24.08
1428890058135516107 1428890058135193271 322836 24.09
1428890058156066771 1428890058155695801 370970 24.10
1428890058179744115 1428890058177832307 1911808 24.11
1428890058200338198 1428890058200155395 182803 24.12
1428890058221078629 1428890058220541543 537086 24.13
1428890058241458750 1428890058240783652 675098 24.15
1428890058261939697 1428890058261029309 910388 24.16
1428890058282927992 1428890058281279066 1648926 24.17
1428890058302229625 1428890058301552023 677602 24.18
1428890058322188500 1428890058321745003 443497 24.20
1428890058344486936 1428890058342099781 2387155 24.21
1428890058362910896 1428890058362466170 444726 24.22
1428890058383160376 1428890058382667551 492825 24.23
1428890058404779726 1428890058403503390 1276336 24.24
1428890058427000856 1428890058425090152 1910704 24.26
1428890059101783156 1428890059100193972 1589184 23.92
1428890059123101332 1428890059122213262 888070 23.93
1428890059146498422 1428890059144972063 1526359 23.94
1428890059169026003 1428890059166998279 2027724 23.95
1428890059191515640 1428890059190785351 730289 23.96
1428890059212303261 1428890059211747462 555799 23.97
1428890059234321994 1428890059233371576 950418 23.98
1428890059255256046 1428890059254944453 311593 23.99
1428890059276076446 1428890059275515582 560864 24.01
1428890059297138370 1428890059296597357 541013 24.02
1428890059318276801 1428890059318130543 146258 24.03
1428890059340767551 1428890059338398248 2369303 24.04
1428890059359262977 1428890059358578051 684926 24.05
1428890059379368959 1428890059378746994 621965 24.07
1428890059399495180 1428890059398956709 538471 24.08
1428890059419596674 1428890059419152380 444294 24.09
1428890059439939826 1428890059439324103 615723 24.10
1428890059463096939 1428890059461106944 1989995 24.11
1428890059482231372 1428890059481365218 866154 24.12
1428890059502123706 1428890059501581825 541881 24.14
1428890059522891015 1428890059521797334 1093681 24.15
1428890059542752947 1428890059542053120 699827 24.16
1428890059563138493 1428890059562494605 643888 24.17
1428890059834645663 1428890059834311322 334341 24.07
1428890059856070030 1428890059855759431 310599 24.08
1428890059876739981 1428890059876435081 304900 24.09
1428890059899411738 1428890059899000203 411535 24.10
1428890059921173151 1428890059920739321 433830 24.11
1428890059943101551 1428890059942118496 983055 24.12
1428890059964012974 1428890059963520494 492480 24.13
1428890059985018902 1428890059984398105 620797 24.14
1428890060006965969 1428890060005338323 1627646 24.16
1428890060027795762 1428890060027313192 482570 24.17
1428890060048922561 1428890060048557325 365236 24.18
1428890060070897985 1428890060070446450 451535 24.19
1428890060091620757 1428890060091165508 455249 24.20
1428890060114356150 1428890060112790631 1565519 24.21
1428890060135066211 1428890060134658336 407875 24.22
1428890060157643306 1428890060155411424 2231882 24.23
1428890060180766089 1428890060180025408 740681 24.24
1428890060201441287 1428890060201003283 438004 24.25
1428890060222769694 1428890060222486297 283397 24.27
1428890060243350406 1428890060242979643 370763 24.28
1428890060263982491 1428890060263584903 397588 24.29
1428890060286867427 1428890060285165208 1702219 24.30
1428890060308030869 1428890060307253883 776986 24.31
1428890060976027381 1428890060975590335 437046 23.99
1428890060996319855 1428890060995758667 561188 24.00
1428890061017562070 1428890061016061000 1501070 24.01
1428890061037224915 1428890061036356146 868769 24.02
1428890061058656020 1428890061056702687 1953333 24.03
1428890061079507937 1428890061079020374 487563 24.04
1428890061101161649 1428890061099744021 1417628 24.06
1428890061123188053 1428890061121494490 1693563 24.07
1428890061145070182 1428890061143523393 1546789 24.08
1428890061165742367 1428890061165346249 396118 24.09
1428890061187606123 1428890061186934856 671267 24.10
1428890061208595620 1428890061207966137 629483 24.11
1428890061229286538 1428890061228844108 442430 24.12
1428890061249928626 1428890061249505674 422952 24.13
1428890061272208684 1428890061270943721 1264963 24.14
1428890061297685674 1428890061297430523 255151 24.15
1428890061319165458 1428890061318903314 262144 24.16
1428890061340622697 1428890061339957071 665626 24.17
1428890061361711299 1428890061361381111 330188 24.18
1428890061382181820 1428890061381898048 283772 24.20
1428890061402644429 1428890061402361949 282480 24.21
1428890061424155742 1428890061423047952 1107790 24.22
1428890061445741893 1428890061445438729 303164 24.23
1428890062119940896 1428890062119425644 515252 23.91
1428890062142518563 1428890062142044272 474291 23.92
1428890062164387783 1428890062163625873 761910 23.93
1428890062186373328 1428890062185946341 426987 23.94
1428890062211063906 1428890062209335301 1728605 23.95
1428890062231941414 1428890062231505603 435811 23.96
1428890062256485571 1428890062255299795 1185776 23.97
1428890062280921508 1428890062279384618 1536890 23.98
1428890062304178957 1428890062301971080 2207877 23.99
1428890062328504447 1428890062326747314 1757133 24.00
1428890062348889981 1428890062348609527 280454 24.01
1428890062369376028 1428890062369045513 330515 24.02
1428890062389800236 1428890062389540615 259621 24.03
1428890062410379646 1428890062409957594 422052 24.04
1428890062432272303 1428890062430926184 1346119 24.05
1428890062452112168 1428890062451234396 877772 24.07
1428890062472373666 1428890062471447837 925829 24.08
1428890062492612899 1428890062491696965 915934 24.09
1428890062512858868 1428890062512023553 835315 24.10
1428890062533613534 1428890062532895385 718149 24.11
1428890062554226386 1428890062553153691 1072695 24.12
1428890062575015352 1428890062573487680 1527672 24.13
1428890062594134771 1428890062593723125 411646 24.14
1428890062863316709 1428890062863011017 305692 24.05
1428890062883635902 1428890062883372078 263824 24.06
1428890062903850601 1428890062903454610 395991 24.07
1428890062927136363 1428890062923957318 3179045 24.08
1428890062945315006 1428890062944988658 326348 24.09
1428890062965664264 1428890062965377029 287235 24.10
1428890062985918170 1428890062985503246 414924 24.11
1428890063007552308 1428890063005753689 1798619 24.12
1428890063026736245 1428890063026054109 682136 24.14
1428890063047612948 1428890063046355606 1257342 24.15
1428890063071403680 1428890063070647603 756077 24.15
1428890063091957813 1428890063091603477 354336 24.17
1428890063114170702 1428890063112201293 1969409 24.18
1428890063135627246 1428890063135009174 618072 24.19
1428890063157049267 1428890063155842207 1207060 24.20
1428890063178335069 1428890063177379654 955415 24.21
1428890063200046718 1428890063199252189 794529 24.22
1428890063225294752 1428890063223574605 1720147 24.23
1428890063246046980 1428890063245594098 452882 24.24
1428890063273314169 1428890063270944738 2369431 24.24
1428890063296148684 1428890063293866278 2282406 24.25
1428890063323829885 1428890063321777087 2052798 24.26
1428890063346381992 1428890063344394826 1987166 24.27
1428890064003351696 1428890064002939264 412432 23.97
1428890064027648257 1428890064026080183 1568074 23.98
1428890064049926435 1428890064048102839 1823596 23.99
1428890064070941875 1428890064070326230 615645 24.00
1428890064091670717 1428890064091228741 441976 24.01
1428890064112268672 1428890064111886333 382339 24.03
1428890064134010547 1428890064133400143 610404 24.04
1428890064155853767 1428890064154364501 1489266 24.05
1428890064176637108 1428890064176158695 478413 24.06
1428890064200604507 1428890064200127731 476776 24.06
1428890064224641486 1428890064224467870 173616 24.07
1428890064245115215 1428890064244966631 148584 24.08
1428890064266664153 1428890064266411015 253138 24.09
1428890064287050217 1428890064286803108 247109 24.11
1428890064307450578 1428890064307198636 251942 24.12
1428890064328807131 1428890064328254008 553123 24.13
1428890064350861079 1428890064349963803 897276 24.14
1428890064375732800 1428890064371658480 4074320 24.14
1428890064394268827 1428890064392139812 2129015 24.16
1428890064412802556 1428890064412233025 569531 24.17
1428890064438167123 1428890064433152848 5014275 24.18
1428890064454138146 1428890064453385314 752832 24.19
1428890064476938436 1428890064473951616 2986820 24.20
1428890065151830071 1428890065150812179 1017892 23.90
1428890065172556621 1428890065172223161 333460 23.91
1428890065194518042 1428890065192924375 1593667 23.92
1428890065217392160 1428890065215535177 1856983 23.93
1428890065238992303 1428890065237709879 1282424 23.94
1428890065259689081 1428890065259290978 398103 23.95
1428890065283896498 1428890065282303786 1592712 23.96
1428890065305898926 1428890065304157993 1740933 23.97
1428890065326588565 1428890065326196635 391930 23.98
1428890065349699317 1428890065347729496 1969821 23.99
1428890065371485044 1428890065370016031 1469013 24.00
1428890065394407821 1428890065392543568 1864253 24.01
1428890065416188909 1428890065414643043 1545866 24.02
1428890065436750321 1428890065436481692 268629 24.03
1428890065457377973 1428890065457239744 138229 24.04
1428890065478911103 1428890065478522399 388704 24.05
1428890065498958809 1428890065498711614 247195 24.06
1428890065519771000 1428890065519615146 155854 24.07
1428890065540634050 1428890065540183155 450895 24.08
1428890065569646206 1428890065568117487 1528719 24.09
1428890065593058339 1428890065591839026 1219313 24.10
1428890065614300503 1428890065613441614 858889 24.11
1428890065636678638 1428890065635707311 971327 24.11
1428890065904438285 1428890065904084453 353832 24.02
1428890065924896678 1428890065924621456 275222 24.03
1428890065952698460 1428890065952514534 183926 24.04
1428890065976849203 1428890065976641184 208019 24.05
1428890065998368532 1428890065997699998 668534 24.06
1428890066018638020 1428890066017959400 678620 24.07
1428890066041617033 1428890066038343203 3273830 24.08
1428890066060142666 1428890066058808629 1334037 24.09
1428890066080379719 1428890066080033704 346015 24.10
1428890066103432692 1428890066101878375 1554317 24.11
1428890066124009489 1428890066123697979 311510 24.12
1428890066145211605 1428890066144742025 469580 24.13
1428890066167427608 1428890066165746582 1681026 24.14
1428890066189265042 1428890066188607126 657916 24.15
1428890066209874550 1428890066209545707 328843 24.16
1428890066230370668 1428890066230040654 330014 24.17
1428890066251017764 1428890066250578341 439423 24.18
1428890066273859953 1428890066273402660 457293 24.19
1428890066295464885 1428890066295058375 406510 24.20
1428890066316147653 1428890066315773495 374158 24.21
1428890066340563140 1428890066340023706 539434 24.22
1428890066362855324 1428890066361338247 1517077 24.23
1428890066384861776 1428890066384652840 208936 24.23
1428890067061879888 1428890067061317109 562779 23.95
1428890067082231512 1428890067081841660 389852 23.96
1428890067102326724 1428890067101923122 403602 23.97
1428890067123140963 1428890067122698094 442869 23.98
1428890067143855442 1428890067142933583 921859 23.99
1428890067164534155 1428890067163493224 1040931 24.00
1428890067184431026 1428890067184191379 239647 24.01
1428890067204378984 1428890067204211574 167410 24.02
1428890067224758847 1428890067224466946 291901 24.03
1428890067245240234 1428890067244908175 332059 24.04
1428890067265955369 1428890067265411661 543708 24.05
1428890067286346096 1428890067285884166 461930 24.06
1428890067306602769 1428890067306420278 182491 24.07
1428890067326669563 1428890067326537375 132188 24.08
1428890067347611216 1428890067346655130 956086 24.09
1428890067367267106 1428890067366801473 465633 24.10
1428890067389241058 1428890067387295796 1945262 24.11
1428890067413750785 1428890067409348312 4402473 24.12
1428890067431475705 1428890067430018389 1457316 24.13
1428890067450913491 1428890067450299387 614104 24.14
1428890067472392225 1428890067471925799 466426 24.15
1428890067493860156 1428890067492657578 1202578 24.16
1428890067514999059 1428890067514366293 632766 24.17
1428890068184322574 1428890068183985995 336579 23.89
1428890068205021200 1428890068204181067 840133 23.90
1428890068228116381 1428890068224346457 3769924 23.91
1428890068245072120 1428890068244492471 579649 23.92
1428890068265294794 1428890068264710141 584653 23.93
1428890068285393875 1428890068284909970 483905 23.94
1428890068305617165 1428890068305094455 522710 23.95
1428890068326235755 1428890068325677045 558710 23.96
1428890068352215114 1428890068348543262 3671852 23.97
1428890068372293441 1428890068371783290 510151 23.98
1428890068392902723 1428890068392513414 389309 23.99
1428890068414712711 1428890068414220491 492220 24.00
1428890068435571894 1428890068435363094 208800 24.01
1428890068456137765 1428890068456014081 123684 24.02
1428890068477661206 1428890068477403103 258103 24.03
1428890068498383330 1428890068498195818 187512 24.04
1428890068519166527 1428890068518874321 292206 24.05
1428890068540878437 1428890068540360644 517793 24.06
1428890068562059037 1428890068561918055 140982 24.07
1428890068582775115 1428890068582557301 217814 24.08
1428890068607224533 1428890068606291970 932563 24.08
1428890068629473693 1428890068628459255 1014438 24.09
1428890068651056020 1428890068649834231 1221789 24.10
1428890068918078699 1428890068916785646 1293053 24.02
1428890068938857265 1428890068938363717 493548 24.03
1428890068959508043 1428890068959084461 423582 24.04
1428890068982282767 1428890068981584546 698221 24.04
1428890069003254574 1428890069002673225 581349 24.05
1428890069024126847 1428890069023678529 448318 24.06
1428890069045952025 1428890069044976451 975574 24.07
1428890069067715886 1428890069067315032 400854 24.08
1428890069089132599 1428890069087981973 1150626 24.09
1428890069109713561 1428890069109326185 387376 24.10
1428890069131823683 1428890069131042920 780763 24.11
1428890069152358222 1428890069152085181 273041 24.12
1428890069173828747 1428890069172548847 1279900 24.13
1428890069194363991 1428890069194039750 324241 24.14
1428890069216380031 1428890069214707678 1672353 24.15
1428890069237832303 1428890069236624438 1207865 24.16
1428890069262352259 1428890069259979130 2373129 24.16
1428890069284432864 1428890069282823946 1608918 24.17
1428890069307215320 1428890069304843358 2371962 24.18
1428890069327871779 1428890069327546511 325268 24.19
1428890069348721271 1428890069348078478 642793 24.20
1428890069370104530 1428890069369777208 327322 24.21
1428890069390540700 1428890069390279617 261083 24.22
