1428890016849397566 1428890016849052821 344745 43.13
1428890016870814260 1428890016870470192 344068 44.84
1428890016891525585 1428890016891128646 396939 45.93
1428890016912208691 1428890016911921552 287139 46.51
1428890016933209046 1428890016932914783 294263 46.73
1428890016954096005 1428890016953607948 488057 46.92
1428890016977371618 1428890016976753700 617918 46.31
1428890016997803049 1428890016997391420 411629 46.62
1428890017018159699 1428890017017654834 504865 46.89
1428890017039745036 1428890017038853544 891492 46.83
1428890017059515398 1428890017059033094 482304 47.15
1428890017081303308 1428890017080325537 977771 47.04
1428890017101447929 1428890017100922737 525192 47.23
1428890017121723284 1428890017121160810 562474 47.38
1428890017142833523 1428890017141486525 1346998 47.37
1428890017163232102 1428890017161879054 1353048 47.47
1428890017184481567 1428890017183222149 1259418 47.45
1428890017204895782 1428890017203532466 1363316 47.53
1428890017224624858 1428890017223828719 796139 47.69
1428890017245588797 1428890017244130773 1458024 47.69
1428890017269383215 1428890017267065230 2317985 47.39
1428890017289021660 1428890017287325392 1696268 47.54
1428890017308872373 1428890017307560706 1311667 47.65
1428890017328839364 1428890017327806388 1032976 47.75
1428890017349839371 1428890017348000568 1838803 47.74
1428890017375972926 1428890017368364806 7608120 47.29
1428890017393465070 1428890017390811525 2653545 47.60
1428890017411926256 1428890017411660231 266025 47.80
1428890017432501269 1428890017432129224 372045 47.83
1428890017455571853 1428890017453303904 2267949 47.67
1428890017476201370 1428890017475861829 339541 47.69
1428890017496763503 1428890017496363305 400198 47.72
1428890017518274255 1428890017517867031 407224 47.68
1428890017538858367 1428890017538482140 376227 47.71
1428890017559579300 1428890017559390295 189005 47.72
1428890017580983666 1428890017580616211 367455 47.70
1428890017601625424 1428890017601327224 298200 47.72
1428890017622900784 1428890017621858924 1041860 47.70
1428890017643562927 1428890017643181632 381295 47.71
1428890017664739634 1428890017663965074 774560 47.70
1428890017686332696 1428890017685531289 801407 47.67
1428890017707451468 1428890017706736649 714819 47.66
1428890017731322360 1428890017727889712 3432648 47.51
1428890018575252938 1428890018574884752 368186 25.73
1428890018595771901 1428890018595436598 335303 26.00
1428890018616246383 1428890018615953395 292988 26.26
1428890018636830330 1428890018636403010 427320 26.51
1428890018657396283 1428890018657012884 383399 26.76
1428890018677978499 1428890018677600234 378265 27.00
1428890018698486059 1428890018698174879 311180 27.24
1428890018719025289 1428890018718661004 364285 27.47
1428890018739546246 1428890018739207978 338268 27.70
1428890018760168507 1428890018759795099 373408 27.92
1428890018780795280 1428890018780367984 427296 28.14
1428890018801394352 1428890018800980803 413549 28.35
1428890018821985348 1428890018821623972 361376 28.56
1428890018842542067 1428890018842180785 361282 28.77
1428890018862996477 1428890018862715354 281123 28.97
1428890018883533024 1428890018883177266 355758 29.16
1428890018904069466 1428890018903704682 364784 29.36
1428890018924631319 1428890018924275400 355919 29.55
1428890018945069038 1428890018944782500 286538 29.73
1428890018965595530 1428890018965244330 351200 29.92
1428890018986104505 1428890018985771543 332962 30.09
1428890019006616919 1428890019006269489 347430 30.27
1428890019035239497 1428890019031476233 3763264 30.33
1428890019295893474 1428890019294513466 1380008 27.94
1428890019315470285 1428890019314686792 783493 28.12
1428890019335756706 1428890019334879090 877616 28.29
1428890019356800219 1428890019355058750 1741469 28.45
1428890019376010884 1428890019375258056 752828 28.63
1428890019397246563 1428890019395913807 1332756 28.78
1428890019417275801 1428890019416521087 754714 28.95
1428890019437648780 1428890019437103379 545401 29.10
1428890019457787720 1428890019457302764 484956 29.26
1428890019477978773 1428890019477435743 543030 29.41
1428890019499224537 1428890019498548779 675758 29.55
1428890019519269348 1428890019518792067 477281 29.71
1428890019541278658 1428890019540475062 803596 29.83
1428890019561448682 1428890019561059131 389551 29.98
1428890019582302687 1428890019581897337 405350 30.12
1428890019602687285 1428890019602368349 318936 30.25
1428890019624134309 1428890019623330594 803715 30.38
1428890019646008767 1428890019645255871 752896 30.50
1428890019667323588 1428890019666890661 432927 30.62
1428890019688730067 1428890019688450306 279761 30.74
1428890019711182494 1428890019710330460 852034 30.85
1428890019731304749 1428890019730654302 650447 30.98
1428890019751580424 1428890019751078704 501720 31.11
1428890020414568146 1428890020413438303 1129843 25.92
1428890020437335231 1428890020437106794 228437 26.03
1428890020461399064 1428890020461066522 332542 26.13
1428890020482134303 1428890020481835262 299041 26.26
1428890020509066147 1428890020507562380 1503767 26.34
1428890020529572053 1428890020529260073 311980 26.46
1428890020550322401 1428890020549958122 364279 26.58
1428890020571001836 1428890020570519375 482461 26.70
1428890020592501516 1428890020592088697 412819 26.82
1428890020613183834 1428890020612718732 465102 26.93
1428890020634750965 1428890020634151879 599086 27.04
1428890020655810642 1428890020655046406 764236 27.16
1428890020679707318 1428890020677349194 2358124 27.25
1428890020701692737 1428890020701041064 651673 27.35
1428890020723856896 1428890020722100758 1756138 27.45
1428890020745963683 1428890020744266369 1697314 27.55
1428890020768184440 1428890020766381891 1802549 27.65
1428890020791305861 1428890020790253595 1052266 27.74
1428890020811966120 1428890020811577435 388685 27.85
1428890020832530505 1428890020832167490 363015 27.96
1428890020853909529 1428890020853486664 422865 28.06
1428890020876625336 1428890020874219849 2405487 28.15
1428890020901007248 1428890020898239635 2767613 28.22
1428890021573775779 1428890021571852744 1923035 24.64
1428890021594365611 1428890021594070560 295051 24.75
1428890021616926892 1428890021615177699 1749193 24.84
1428890021637403097 1428890021637128126 274971 24.94
1428890021661715655 1428890021660682754 1032901 25.02
1428890021684868333 1428890021683354374 1513959 25.11
1428890021705324251 1428890021705032609 291642 25.21
1428890021725772227 1428890021725479355 292872 25.31
1428890021746167737 1428890021745895286 272451 25.41
1428890021770135133 1428890021770089766 45367 25.49
1428890021794302611 1428890021793997923 304688 25.56
1428890021814823327 1428890021814536255 287072 25.66
1428890021836340841 1428890021835703904 636937 25.75
1428890021857007483 1428890021855863848 1143635 25.84
1428890021878777439 1428890021877231211 1546228 25.93
1428890021899503135 1428890021899055826 447309 26.02
1428890021920178570 1428890021919727584 450986 26.11
1428890021942400281 1428890021940560530 1839751 26.19
1428890021963326421 1428890021962925727 400694 26.28
1428890021984853865 1428890021983658494 1195371 26.36
1428890022006277614 1428890022005917593 360021 26.45
1428890022026965900 1428890022026524868 441032 26.53
1428890022049190298 1428890022047309183 1881115 26.61
1428890022322187213 1428890022321897279 289934 25.66
1428890022342754783 1428890022342504076 250707 25.74
1428890022363376907 1428890022363065199 311708 25.83
1428890022384665106 1428890022384372800 292306 25.91
1428890022406105401 1428890022405727372 378029 25.99
1428890022426744679 1428890022426386266 358413 26.07
1428890022450577992 1428890022449828694 749298 26.14
1428890022471108032 1428890022470824750 283282 26.22
1428890022491603212 1428890022491272774 330438 26.30
1428890022512189262 1428890022511813083 376179 26.38
1428890022533202024 1428890022532946587 255437 26.46
1428890022554369925 1428890022553700547 669378 26.54
1428890022576090426 1428890022574732962 1357464 26.61
1428890022597389324 1428890022596503976 885348 26.68
1428890022618132488 1428890022617707344 425144 26.76
1428890022640785553 1428890022638632899 2152654 26.83
1428890022663594553 1428890022661324438 2270115 26.90
1428890022684959195 1428890022683992521 966674 26.97
1428890022706925320 1428890022705335349 1589971 27.04
1428890022727672210 1428890022727235413 436797 27.11
1428890022749755648 1428890022747870051 1885597 27.18
1428890022771485794 1428890022770191163 1294631 27.25
1428890022794093905 1428890022791804848 2289057 27.31
1428890023458548340 1428890023457876794 671546 24.88
1428890023481171413 1428890023480883207 288206 24.94
1428890023501625387 1428890023501366069 259318 25.02
1428890023522005553 1428890023521755333 250220 25.09
1428890023542337610 1428890023542133183 204427 25.16
1428890023562846326 1428890023562599134 247192 25.24
1428890023583420003 1428890023583032738 387265 25.31
1428890023603969357 1428890023603629564 339793 25.38
1428890023624584540 1428890023624166939 417601 25.45
1428890023646241479 1428890023645747506 493973 25.51
1428890023669485911 1428890023667481181 2004730 25.57
1428890023690584138 1428890023690090910 493228 25.64
1428890023712166626 1428890023710767861 1398765 25.70
1428890023733561560 1428890023732613225 948335 25.77
1428890023757253850 1428890023755092739 2161111 25.83
1428890023781535178 1428890023777781930 3753248 25.88
1428890023802825960 1428890023802341246 484714 25.94
1428890023824020363 1428890023823597983 422380 26.01
1428890023845828601 1428890023844760114 1068487 26.07
1428890023868274763 1428890023867908760 366003 26.13
1428890023889554065 1428890023889374389 179676 26.19
1428890023910809240 1428890023910523783 285457 26.25
1428890023933545586 1428890023932020568 1525018 26.31
1428890024594351534 1428890024594030622 320912 24.33
1428890024616489240 1428890024615942788 546452 24.39
1428890024639891857 1428890024638172445 1719412 24.44
1428890024660452521 1428890024660086828 365693 24.51
1428890024685322014 1428890024684952286 369728 24.56
1428890024706339148 1428890024705686245 652903 24.62
1428890024726336511 1428890024725823558 512953 24.68
1428890024746475590 1428890024745934653 540937 24.75
1428890024766599128 1428890024766128616 470512 24.81
1428890024792769050 1428890024787880530 4888520 24.85
1428890024808436316 1428890024808030712 405604 24.93
1428890024845145374 1428890024828276742 16868632 24.94
1428890024858814063 1428890024855220906 3593157 25.02
1428890024876123697 1428890024875391933 731764 25.09
1428890024896469103 1428890024895554385 914718 25.15
1428890024916506922 1428890024915766323 740599 25.22
1428890024939025384 1428890024936506565 2518819 25.27
1428890024957324717 1428890024957024409 300308 25.33
1428890024978344035 1428890024977748838 595197 25.39
1428890024999184268 1428890024998501262 683006 25.45
1428890025020351678 1428890025018896487 1455191 25.51
1428890025039416642 1428890025039067066 349576 25.57
1428890025060129860 1428890025059566423 563437 25.63
1428890025325310788 1428890025325051435 259353 25.06
1428890025345743123 1428890025345510209 232914 25.12
1428890025366146567 1428890025365902761 243806 25.18
1428890025386743319 1428890025386382715 360604 25.23
1428890025407325295 1428890025407032598 292697 25.29
1428890025428340342 1428890025428058585 281757 25.34
1428890025448857144 1428890025448531619 325525 25.40
1428890025469423476 1428890025469045613 377863 25.45
1428890025490082032 1428890025489695979 386053 25.51
1428890025510803179 1428890025510407076 396103 25.56
1428890025533358878 1428890025532160156 1198722 25.61
1428890025554206415 1428890025553746806 459609 25.66
1428890025575659016 1428890025575347263 311753 25.72
1428890025596987632 1428890025595857491 1130141 25.77
1428890025617469986 1428890025617164423 305563 25.82
1428890025638804042 1428890025637798883 1005159 25.87
1428890025660744746 1428890025660191709 553037 25.92
1428890025682820593 1428890025681152967 1667626 25.97
1428890025703772773 1428890025703285757 487016 26.02
1428890025725671500 1428890025724039702 1631798 26.07
1428890025746929384 1428890025746367109 562275 26.12
1428890025767293244 1428890025766818371 474873 26.17
1428890025787878121 1428890025787058930 819191 26.22
1428890026463279104 1428890026461673904 1605200 24.59
1428890026484925776 1428890026483573008 1352768 24.64
1428890026505465547 1428890026505132047 333500 24.69
1428890026525910356 1428890026525605867 304489 24.74
1428890026546377969 1428890026546067724 310245 24.79
1428890026566888770 1428890026566554965 333805 24.84
1428890026587379853 1428890026587059064 320789 24.89
1428890026611867784 1428890026609969677 1898107 24.93
1428890026634892688 1428890026632515928 2376760 24.98
1428890026655165975 1428890026652998944 2167031 25.03
1428890026677327711 1428890026675666950 1660761 25.07
1428890026701391019 1428890026700689818 701201 25.11
1428890026722353636 1428890026721742525 611111 25.16
1428890026745088986 1428890026742790521 2298465 25.20
1428890026768882843 1428890026766437761 2445082 25.24
1428890026797373922 1428890026796033483 1340439 25.27
1428890026820311489 1428890026819902498 408991 25.31
1428890026842169650 1428890026841596714 572936 25.36
1428890026862364339 1428890026861809783 554556 25.41
1428890026882560009 1428890026882084286 475723 25.46
1428890026902747906 1428890026902339877 408029 25.50
1428890026922965910 1428890026922515528 450382 25.55
1428890026943299513 1428890026942764301 535212 25.60
1428890027601221728 1428890027601012476 209252 24.22
1428890027623990078 1428890027623395207 594871 24.26
1428890027648036454 1428890027647086249 950205 24.30
1428890027669567220 1428890027669179800 387420 24.35
1428890027690015110 1428890027689746804 268306 24.39
1428890027711792410 1428890027710516858 1275552 24.44
1428890027734082113 1428890027732700419 1381694 24.48
1428890027755737181 1428890027755105924 631257 24.52
1428890027778929197 1428890027777397396 1531801 24.56
1428890027799577257 1428890027799219140 358117 24.61
1428890027821096732 1428890027820769178 327554 24.65
1428890027841565704 1428890027841261701 304003 24.69
1428890027862925070 1428890027861770626 1154444 24.74
1428890027883640390 1428890027883180064 460326 24.78
1428890027905552674 1428890027905275647 277027 24.82
1428890027926214435 1428890027925763465 450970 24.86
1428890027946674314 1428890027946357137 317177 24.91
1428890027967202958 1428890027966859368 343590 24.95
1428890027987743266 1428890027987373176 370090 25.00
1428890028009215832 1428890028008925922 289910 25.04
1428890028030163008 1428890028029943475 219533 25.08
1428890028050502235 1428890028050281974 220261 25.12
1428890028071474014 1428890028071183189 290825 25.17
1428890028324689824 1428890028324508808 181016 24.79
1428890028345895470 1428890028345733704 161766 24.83
1428890028367116945 1428890028366909166 207779 24.87
1428890028388468351 1428890028388255495 212856 24.91
1428890028409934683 1428890028409796745 137938 24.95
1428890028430504241 1428890028430311345 192896 24.99
1428890028452402795 1428890028451129492 1273303 25.03
1428890028474899066 1428890028474176783 722283 25.07
1428890028500565761 1428890028500347318 218443 25.10
1428890028521463756 1428890028520939990 523766 25.14
1428890028541610808 1428890028541094869 515939 25.18
1428890028563003854 1428890028561440627 1563227 25.22
1428890028582491013 1428890028581724267 766746 25.26
1428890028604615707 1428890028602173820 2441887 25.30
1428890028625403694 1428890028623230361 2173333 25.34
1428890028644969260 1428890028643590734 1378526 25.38
1428890028665854459 1428890028663830133 2024326 25.42
1428890028686871033 1428890028684486343 2384690 25.46
1428890028706809947 1428890028705788661 1021286 25.50
1428890028727476876 1428890028726690704 786172 25.54
1428890028747796049 1428890028747102612 693437 25.58
1428890028771212670 1428890028769554640 1658030 25.62
1428890028792547746 1428890028791932255 615491 25.66
1428890029462271700 1428890029461909044 362656 24.45
1428890029483150311 1428890029482693741 456570 24.49
1428890029505277619 1428890029504609427 668192 24.53
1428890029525738726 1428890029525468898 269828 24.57
1428890029546353708 1428890029545910792 442916 24.61
1428890029567166145 1428890029566540744 625401 24.64
1428890029588469003 1428890029587882895 586108 24.68
1428890029609191661 1428890029608712356 479305 24.72
1428890029629842031 1428890029628902170 939861 24.76
1428890029651864437 1428890029649299227 2565210 24.79
1428890029672188350 1428890029670547905 1640445 24.83
1428890029694404774 1428890029692725199 1679575 24.87
1428890029716170983 1428890029714783303 1387680 24.90
1428890029737039451 1428890029736545507 493944 24.94
1428890029758404797 1428890029757450583 954214 24.98
1428890029781797349 1428890029779988770 1808579 25.01
1428890029802648682 1428890029802160491 488191 25.05
1428890029823259419 1428890029822798431 460988 25.08
1428890029843934641 1428890029843437248 497393 25.12
1428890029864712859 1428890029864110114 602745 25.16
1428890029887325203 1428890029885001983 2323220 25.19
1428890029907988726 1428890029907565584 423142 25.23
1428890029928562059 1428890029928188393 373666 25.26
1428890030588733266 1428890030586741176 1992090 24.20
1428890030613053484 1428890030607285360 5768124 24.23
1428890030628907374 1428890030627528264 1379110 24.27
1428890030649670073 1428890030647933722 1736351 24.31
1428890030670284059 1428890030668399257 1884802 24.34
1428890030689946992 1428890030689639936 307056 24.38
1428890030711326211 1428890030710286216 1039995 24.41
1428890030731946793 1428890030731589267 357526 24.45
1428890030753725427 1428890030752321886 1403541 24.48
1428890030775033850 1428890030774272535 761315 24.52
1428890030795645726 1428890030795294294 351432 24.55
1428890030816123317 1428890030815817042 306275 24.59
1428890030836615877 1428890030836319447 296430 24.62
1428890030857032591 1428890030856744695 287896 24.66
1428890030877575077 1428890030877208616 366461 24.70
1428890030898097059 1428890030897745867 351192 24.73
1428890030919291190 1428890030918885935 405255 24.76
1428890030939816423 1428890030939479095 337328 24.80
1428890030963646740 1428890030960887696 2759044 24.83
1428890030984565506 1428890030984177193 388313 24.86
1428890031006067508 1428890031004785554 1281954 24.89
1428890031027744292 1428890031026359634 1384658 24.93
1428890031049146607 1428890031047966431 1180176 24.96
1428890031302482537 1428890031302173568 308969 24.66
1428890031324474500 1428890031324062189 412311 24.69
1428890031345998131 1428890031345794005 204126 24.72
1428890031367282756 1428890031366965560 317196 24.76
1428890031387992677 1428890031387495705 496972 24.79
1428890031409107470 1428890031408624219 483251 24.82
1428890031431400316 1428890031429998940 1401376 24.85
1428890031453058607 1428890031451794811 1263796 24.89
1428890031473699650 1428890031473294824 404826 24.92
1428890031495167404 1428890031493944901 1222503 24.95
1428890031514885999 1428890031514229860 656139 24.99
1428890031535919175 1428890031534464453 1454722 25.02
1428890031556390390 1428890031554771428 1618962 25.05
1428890031577154838 1428890031575109949 2044889 25.08
1428890031597034667 1428890031595394382 1640285 25.12
1428890031619375547 1428890031617356243 2019304 25.15
1428890031639818204 1428890031637697258 2120946 25.18
1428890031658787094 1428890031658058562 728532 25.21
1428890031680854457 1428890031679195111 1659346 25.24
1428890031701623439 1428890031701128796 494643 25.28
1428890031723513177 1428890031721968599 1544578 25.31
1428890031745629213 1428890031743977362 1651851 25.34
1428890031769028742 1428890031767264702 1764040 25.36
1428890032435652588 1428890032435143035 509553 24.41
1428890032457679419 1428890032457209840 469579 24.44
1428890032478507517 1428890032478229706 277811 24.47
1428890032498942692 1428890032498677570 265122 24.50
1428890032519549130 1428890032519091989 457141 24.53
1428890032539776702 1428890032539262447 514255 24.56
1428890032559878384 1428890032559436258 442126 24.60
1428890032579872764 1428890032579610497 262267 24.63
1428890032603240095 1428890032600726032 2514063 24.66
1428890032621392933 1428890032620886970 505963 24.69
1428890032643131927 1428890032641102691 2029236 24.72
1428890032662905873 1428890032662319544 586329 24.75
1428890032683646491 1428890032683170994 475497 24.78
1428890032704955773 1428890032704557060 398713 24.81
1428890032725624772 1428890032725177232 447540 24.84
1428890032748186006 1428890032746596452 1589554 24.87
1428890032768902580 1428890032768469612 432968 24.90
1428890032792582292 1428890032791843158 739134 24.93
1428890032816689490 1428890032813760123 2929367 24.95
1428890032838581197 1428890032837263575 1317622 24.98
1428890032860490783 1428890032858927199 1563584 25.01
1428890032882725116 1428890032881085223 1639893 25.04
1428890032918936943 1428890032913412029 5524914 25.04
1428890033586267534 1428890033586013461 254073 24.16
1428890033606737368 1428890033606436054 301314 24.19
1428890033628124639 1428890033626968819 1155820 24.22
1428890033648798615 1428890033648401239 397376 24.25
1428890033669696753 1428890033669109591 587162 24.28
1428890033691442583 1428890033691024791 417792 24.31
1428890033712001718 1428890033711637070 364648 24.34
1428890033734047042 1428890033732308897 1738145 24.37
1428890033756021082 1428890033754442382 1578700 24.39
1428890033776945477 1428890033776323459 622018 24.42
1428890033797676698 1428890033797280341 396357 24.45
1428890033818376653 1428890033817982316 394337 24.48
1428890033838885900 1428890033838563881 322019 24.51
1428890033860454292 1428890033859084810 1369482 24.54
1428890033882287519 1428890033880803153 1484366 24.57
1428890033902966822 1428890033902568219 398603 24.59
1428890033923685639 1428890033923211941 473698 24.62
1428890033946414038 1428890033944061754 2352284 24.65
1428890033967285145 1428890033966960226 324919 24.68
1428890033987818316 1428890033987473556 344760 24.71
1428890034008445940 1428890034007995816 450124 24.73
1428890034029100457 1428890034028684420 416037 24.76
1428890034050415060 1428890034050075481 339579 24.79
1428890034314959464 1428890034313810920 1148544 24.53
1428890034335426468 1428890034335220120 206348 24.56
1428890034355933361 1428890034355612685 320676 24.59
1428890034376589002 1428890034376214006 374996 24.61
1428890034399259642 1428890034397354186 1905456 24.64
1428890034422516425 1428890034418036589 4479836 24.66
1428890034442498272 1428890034442093203 405069 24.69
1428890034464512323 1428890034463135263 1377060 24.72
1428890034484069664 1428890034483442124 627540 24.75
1428890034505470814 1428890034504491393 979421 24.77
1428890034525494124 1428890034524832881 661243 24.80
1428890034547786772 1428890034545976394 1810378 24.83
1428890034570422062 1428890034566377796 4044266 24.85
1428890034587520516 1428890034586761577 758939 24.89
1428890034608862846 1428890034607284596 1578250 24.91
1428890034627972445 1428890034627401847 570598 24.94
1428890034648817717 1428890034647664969 1152748 24.97
1428890034670599587 1428890034668296587 2303000 24.99
1428890034690490337 1428890034690033520 456817 25.02
1428890034712355528 1428890034711684738 670790 25.05
1428890034735480609 1428890034733844765 1635844 25.07
1428890034757015113 1428890034755812137 1202976 25.10
1428890034779031365 1428890034777293948 1737417 25.12
1428890035459178192 1428890035458086756 1091436 24.31
1428890035481951392 1428890035481583039 368353 24.34
1428890035503789358 1428890035502224915 1564443 24.36
1428890035528033303 1428890035524170021 3863282 24.38
1428890035553314417 1428890035552998446 315971 24.40
1428890035573943566 1428890035573352654 590912 24.43
1428890035593954465 1428890035593512277 442188 24.46
1428890035614213580 1428890035613824904 388676 24.48
1428890035634658803 1428890035634372078 286725 24.51
1428890035655394726 1428890035654930149 464577 24.54
1428890035675772667 1428890035675169767 602900 24.56
1428890035695916978 1428890035695470253 446725 24.59
1428890035716379201 1428890035715778330 600871 24.62
1428890035737345269 1428890035736801113 544156 24.64
1428890035757625630 1428890035757137334 488296 24.67
1428890035778400477 1428890035777906790 493687 24.69
1428890035800804927 1428890035799212641 1592286 24.72
1428890035820959996 1428890035820410884 549112 24.74
1428890035841520893 1428890035841292214 228679 24.77
1428890035864442187 1428890035862616841 1825346 24.79
1428890035884108911 1428890035883403588 705323 24.82
1428890035904630311 1428890035903933862 696449 24.84
1428890035925150038 1428890035924389544 760494 24.87
1428890036594841989 1428890036594541160 300829 24.13
1428890036619580238 1428890036617846697 1733541 24.15
1428890036640188033 1428890036639879681 308352 24.17
1428890036661174561 1428890036660368157 806404 24.20
1428890036681900186 1428890036681524482 375704 24.22
1428890036702339689 1428890036702085825 253864 24.25
1428890036722798187 1428890036722471668 326519 24.28
1428890036743294540 1428890036742997717 296823 24.30
1428890036765119796 1428890036763521618 1598178 24.32
1428890036787409918 1428890036785455900 1954018 24.35
1428890036807983386 1428890036807652588 330798 24.37
1428890036829532345 1428890036829167987 364358 24.40
1428890036851112948 1428890036850544291 568657 24.42
1428890036871303930 1428890036870894113 409817 24.44
1428890036891698580 1428890036891140371 558209 24.47
1428890036912530430 1428890036911963302 567128 24.49
1428890036933536781 1428890036932897485 639296 24.52
1428890036954158768 1428890036953623381 535387 24.54
1428890036975645072 1428890036974905641 739431 24.57
1428890036996225978 1428890036995732280 493698 24.59
1428890037016555277 1428890037015957803 597474 24.62
1428890037037459747 1428890037036887744 572003 24.64
1428890037058232314 1428890037057388913 843401 24.66
1428890037322837034 1428890037322598452 238582 24.44
1428890037345067868 1428890037344728657 339211 24.47
1428890037366583811 1428890037366180018 403793 24.49
1428890037391152055 1428890037389365473 1786582 24.51
1428890037413332572 1428890037411492138 1840434 24.53
1428890037434016065 1428890037433678766 337299 24.55
1428890037456129206 1428890037454325774 1803432 24.58
1428890037477103502 1428890037476744500 359002 24.60
1428890037498259880 1428890037497546990 712890 24.62
1428890037518909224 1428890037518447770 461454 24.65
1428890037539801468 1428890037539154164 647304 24.67
1428890037561854701 1428890037560199416 1655285 24.69
1428890037583868739 1428890037582258944 1609795 24.71
1428890037604558114 1428890037604164582 393532 24.74
1428890037626011329 1428890037625636177 375152 24.76
1428890037646636034 1428890037646233211 402823 24.78
1428890037669062861 1428890037667081231 1981630 24.80
1428890037690225712 1428890037689675187 550525 24.83
1428890037712064382 1428890037710592763 1471619 24.85
1428890037733825530 1428890037732455394 1370136 24.87
1428890037754553828 1428890037754083613 470215 24.89
1428890037776820848 1428890037775671747 1149101 24.92
1428890037797838687 1428890037797141801 696886 24.94
1428890038476958396 1428890038476492967 465429 24.25
1428890038498554633 1428890038498082328 472305 24.27
1428890038521147839 1428890038520310227 837612 24.29
1428890038541247252 1428890038540791182 456070 24.31
1428890038561341960 1428890038560950001 391959 24.34
1428890038583044958 1428890038581195284 1849674 24.36
1428890038602958119 1428890038601620551 1337568 24.38
1428890038623681189 1428890038621924907 1756282 24.41
1428890038642650106 1428890038642136879 513227 24.43
1428890038664951639 1428890038662485307 2466332 24.45
1428890038684178807 1428890038682853119 1325688 24.48
1428890038705331393 1428890038704945293 386100 24.50
1428890038726908687 1428890038725627701 1280986 24.52
1428890038748835074 1428890038747307762 1527312 24.54
1428890038771099852 1428890038769314329 1785523 24.56
1428890038791946514 1428890038791474483 472031 24.58
1428890038812422042 1428890038812073948 348094 24.61
1428890038834180339 1428890038832706219 1474120 24.63
1428890038855084634 1428890038854495264 589370 24.65
1428890038877083597 1428890038875357654 1725943 24.67
1428890038898063147 1428890038897441834 621313 24.69
1428890038919099791 1428890038918407987 691804 24.71
1428890038941012584 1428890038939480183 1532401 24.73
1428890039608425103 1428890039607557344 867759 24.10
1428890039629123278 1428890039628305853 817425 24.12
1428890039651068204 1428890039649655789 1412415 24.14
1428890039671535534 1428890039670207329 1328205 24.16
1428890039691911758 1428890039691471967 439791 24.18
1428890039712556873 1428890039712077252 479621 24.21
1428890039733984853 1428890039732805387 1179466 24.23
1428890039756276128 1428890039754363166 1912962 24.25
1428890039778161196 1428890039776673139 1488057 24.27
1428890039798922435 1428890039798467310 455125 24.29
1428890039819427424 1428890039819112734 314690 24.31
1428890039839959278 1428890039839603697 355581 24.33
1428890039863162459 1428890039860221952 2940507 24.35
1428890039884722126 1428890039884430896 291230 24.37
1428890039905159812 1428890039904872536 287276 24.39
1428890039925741797 1428890039925344365 397432 24.42
1428890039946170823 1428890039945897641 273182 24.44
1428890039966641218 1428890039966332708 308510 24.46
1428890039988679510 1428890039987015594 1663916 24.48
1428890040009383320 1428890040008962017 421303 24.50
1428890040029967787 1428890040029592073 375714 24.52
1428890040050649721 1428890040050164116 485605 24.54
1428890040071334908 1428890040070901253 433655 24.56
1428890040344612924 1428890040344077784 535140 24.36
1428890040365880372 1428890040365559704 320668 24.38
1428890040388343523 1428890040387527679 815844 24.40
1428890040412482187 1428890040412184389 297798 24.42
1428890040433204415 1428890040432803856 400559 24.44
1428890040456159859 1428890040453974574 2185285 24.46
1428890040477580431 1428890040477261550 318881 24.48
1428890040497977131 1428890040497738431 238700 24.50
1428890040520168514 1428890040518425027 1743487 24.52
1428890040541839881 1428890040540969995 869886 24.54
1428890040567281646 1428890040565325422 1956224 24.56
1428890040588068076 1428890040587645215 422861 24.58
1428890040610355525 1428890040608274623 2080902 24.60
1428890040631286282 1428890040630820542 465740 24.62
1428890040654808798 1428890040652354843 2453955 24.63
1428890040681880368 1428890040677220148 4660220 24.65
1428890040704223204 1428890040702715917 1507287 24.67
1428890040727067718 1428890040724763279 2304439 24.69
1428890040749144857 1428890040747589775 1555082 24.70
1428890040771603186 1428890040769736903 1866283 24.72
1428890040793473301 1428890040793021575 451726 24.74
1428890040815540952 1428890040815138315 402637 24.76
1428890040836146633 1428890040835749660 396973 24.78
1428890041502413901 1428890041502214914 198987 24.19
1428890041522868458 1428890041522570180 298278 24.21
1428890041543558052 1428890041543360469 197583 24.23
1428890041563997940 1428890041563715709 282231 24.25
1428890041584493285 1428890041584173379 319906 24.27
1428890041605924436 1428890041605251437 672999 24.29
1428890041628267925 1428890041626281047 1986878 24.31
1428890041650531727 1428890041648774904 1756823 24.33
1428890041674617977 1428890041673537405 1080572 24.35
1428890041695249505 1428890041694925156 324349 24.37
1428890041715711141 1428890041715423912 287229 24.39
1428890041736727716 1428890041736157988 569728 24.41
1428890041757439945 1428890041756970423 469522 24.43
1428890041778487234 1428890041778108575 378659 24.45
1428890041799034806 1428890041798665975 368831 24.47
1428890041822089409 1428890041820577700 1511709 24.48
1428890041844131703 1428890041842451522 1680181 24.50
1428890041864904132 1428890041864399267 504865 24.52
1428890041891100143 1428890041889328127 1772016 24.54
1428890041911859766 1428890041911399555 460211 24.56
1428890041934898072 1428890041933198149 1699923 24.57
1428890041957051656 1428890041955220388 1831268 24.59
1428890041978450705 1428890041977483887 966818 24.61
1428890042234917681 1428890042234703467 214214 24.44
1428890042257857421 1428890042257259477 597944 24.46
1428890042282035093 1428890042280086586 1948507 24.47
1428890042302653306 1428890042302338438 314868 24.49
1428890042323156557 1428890042322822972 333585 24.51
1428890042343695787 1428890042343357974 337813 24.53
1428890042364243163 1428890042363921598 321565 24.55
1428890042384789680 1428890042384428411 361269 24.57
1428890042405391817 1428890042404972755 419062 24.59
1428890042426534139 1428890042426270412 263727 24.61
1428890042447593599 1428890042447346913 246686 24.63
1428890042470517967 1428890042470334805 183162 24.64
1428890042491614532 1428890042491007800 606732 24.66
1428890042511651207 1428890042511116761 534446 24.68
1428890042531896444 1428890042531327084 569360 24.70
1428890042554884287 1428890042551718505 3165782 24.72
1428890042573603379 1428890042571921567 1681812 24.74
1428890042598378124 1428890042592317612 6060512 24.76
1428890042619707911 1428890042618127410 1580501 24.77
1428890042640194900 1428890042639957222 237678 24.79
1428890042660794643 1428890042660473182 321461 24.81
1428890042684426599 1428890042683882643 543956 24.83
1428890042704811566 1428890042704548717 262849 24.85
1428890043382378395 1428890043381268114 1110281 24.29
1428890043402983404 1428890043402595439 387965 24.31
1428890043424793540 1428890043424075877 717663 24.32
1428890043447515596 1428890043445992567 1523029 24.34
1428890043469049559 1428890043467814016 1235543 24.36
1428890043489948355 1428890043489552383 395972 24.38
1428890043511424499 1428890043511023756 400743 24.40
1428890043533452856 1428890043531922629 1530227 24.41
1428890043555112363 1428890043553750348 1362015 24.43
1428890043578517501 1428890043577730252 787249 24.45
1428890043602193932 1428890043600052895 2141037 24.46
1428890043623275397 1428890043622881725 393672 24.48
1428890043644510993 1428890043643590168 920825 24.50
1428890043665173488 1428890043664814957 358531 24.52
1428890043686536794 1428890043685463807 1072987 24.53
1428890043707178723 1428890043706785039 393684 24.55
1428890043727835562 1428890043727400194 435368 24.57
1428890043751144515 1428890043749074407 2070108 24.59
1428890043773946004 1428890043771708889 2237115 24.60
1428890043796136565 1428890043794445082 1691483 24.62
1428890043816791388 1428890043816405257 386131 24.64
1428890043837541477 1428890043837050837 490640 24.66
1428890043860707911 1428890043860361113 346798 24.67
1428890044536681800 1428890044535274736 1407064 24.14
1428890044556032015 1428890044555788642 243373 24.16
1428890044576796777 1428890044576433464 363313 24.18
1428890044597094305 1428890044596811001 283304 24.20
1428890044617733152 1428890044617408150 325002 24.22
1428890044639395998 1428890044639043483 352515 24.23
1428890044663855800 1428890044661897818 1957982 24.25
1428890044686955600 1428890044685225304 1730296 24.26
1428890044709485170 1428890044707518435 1966735 24.28
1428890044731827694 1428890044729983912 1843782 24.30
1428890044754412420 1428890044752221513 2190907 24.31
1428890044775247725 1428890044774813363 434362 24.33
1428890044796577907 1428890044796059053 518854 24.35
1428890044818110932 1428890044816944398 1166534 24.36
1428890044839029751 1428890044838471103 558648 24.38
1428890044862362739 1428890044861995291 367448 24.40
1428890044884811274 1428890044884250451 560823 24.41
1428890044907800706 1428890044906382814 1417892 24.43
1428890044928605982 1428890044928158700 447282 24.45
1428890044950297485 1428890044949810000 487485 24.46
1428890044971712552 1428890044971207458 505094 24.48
1428890044998139089 1428890044995852418 2286671 24.49
1428890045020614800 1428890045018762589 1852211 24.51
1428890045290023591 1428890045289748240 275351 24.35
1428890045310620356 1428890045310270119 350237 24.36
1428890045332651916 1428890045331021283 1630633 24.38
1428890045353767739 1428890045353383481 384258 24.40
1428890045374250106 1428890045373956028 294078 24.41
1428890045394662289 1428890045394416600 245689 24.43
1428890045415060218 1428890045414805748 254470 24.45
1428890045435572298 1428890045435218996 353302 24.47
1428890045456890065 1428890045455819886 1070179 24.48
1428890045477434972 1428890045477115806 319166 24.50
1428890045497899519 1428890045497510111 389408 24.52
1428890045518641610 1428890045518105296 536314 24.54
1428890045540114953 1428890045539676405 438548 24.55
1428890045560880346 1428890045560338102 542244 24.57
1428890045583720060 1428890045581405194 2314866 24.58
1428890045607754546 1428890045605760088 1994458 24.60
1428890045628525414 1428890045628059437 465977 24.62
1428890045649314037 1428890045648858671 455366 24.63
1428890045671527208 1428890045669765211 1761997 24.65
1428890045692967901 1428890045691896675 1071226 24.67
1428890045714651539 1428890045713268054 1383485 24.68
1428890045736054940 1428890045734979210 1075730 24.70
1428890045757774404 1428890045756358945 1415459 24.71
1428890046439372912 1428890046432953357 6419555 24.21
1428890046453697029 1428890046453280864 416165 24.23
1428890046475134545 1428890046473645914 1488631 24.25
1428890046494370236 1428890046493802355 567881 24.27
1428890046514476468 1428890046513897956 578512 24.29
1428890046534788142 1428890046534117967 670175 24.30
1428890046560247399 1428890046555873787 4373612 24.32
1428890046579070728 1428890046576063684 3007044 24.33
1428890046596989945 1428890046596670476 319469 24.35
1428890046617568016 1428890046617165760 402256 24.37
1428890046638213990 1428890046637994878 219112 24.39
1428890046660644108 1428890046659800287 843821 24.40
1428890046682403383 1428890046681956479 446904 24.42
1428890046702965584 1428890046702592496 373088 24.43
1428890046723624040 1428890046723169283 454757 24.45
1428890046745126405 1428890046744489200 637205 24.47
1428890046765768783 1428890046765359528 409255 24.48
1428890046790698263 1428890046786076043 4622220 24.50
1428890046812330667 1428890046811955445 375222 24.51
1428890046833072210 1428890046832683743 388467 24.53
1428890046859165064 1428890046858091225 1073839 24.54
1428890046880310037 1428890046879654719 655318 24.56
1428890046901518715 1428890046900924290 594425 24.57
1428890047559001107 1428890047558394064 607043 24.11
1428890047580278256 1428890047578690796 1587460 24.13
1428890047599736363 1428890047598976611 759752 24.14
1428890047620827446 1428890047619212140 1615306 24.16
1428890047640828097 1428890047639534536 1293561 24.18
1428890047661839705 1428890047661228825 610880 24.19
1428890047684243825 1428890047682284917 1958908 24.21
1428890047706058699 1428890047704614827 1443872 24.22
1428890047726912248 1428890047726420387 491861 24.24
1428890047748658439 1428890047747314138 1344301 24.25
1428890047770693952 1428890047769062666 1631286 24.27
1428890047792132799 1428890047791179662 953137 24.28
1428890047814598265 1428890047812487800 2110465 24.30
1428890047836251641 1428890047835045003 1206638 24.31
1428890047859475501 1428890047856640704 2834797 24.33
1428890047881247013 1428890047880822905 424108 24.34
1428890047902289151 1428890047901736373 552778 24.36
1428890047922617159 1428890047921963515 653644 24.38
1428890047946189633 1428890047942339073 3850560 24.39
1428890047963735638 1428890047962701347 1034291 24.41
1428890047985806026 1428890047983080293 2725733 24.42
1428890048005475982 1428890048003573882 1902100 24.44
1428890048027664491 1428890048026219257 1445234 24.45
1428890048285562044 1428890048285331012 231032 24.32
1428890048306157238 1428890048305755082 402156 24.33
1428890048327883127 1428890048326472508 1410619 24.35
1428890048348666995 1428890048348191051 475944 24.36
1428890048370725008 1428890048368971346 1753662 24.38
1428890048392062399 1428890048391660755 401644 24.39
1428890048414236962 1428890048412285071 1951891 24.41
1428890048436070050 1428890048435534552 535498 24.42
1428890048456876314 1428890048456405975 470339 24.44
1428890048478197147 1428890048477726135 471012 24.45
1428890048500702123 1428890048499199478 1502645 24.47
1428890048521972793 1428890048520923216 1049577 24.48
1428890048542494235 1428890048542215726 278509 24.50
1428890048563522421 1428890048562754274 768147 24.51
1428890048587156445 1428890048585443144 1713301 24.53
1428890048607898198 1428890048607427485 470713 24.54
1428890048628649785 1428890048628218237 431548 24.56
1428890048650083478 1428890048649724114 359364 24.57
1428890048671156584 1428890048670689754 466830 24.59
1428890048694217967 1428890048693887973 329994 24.60
1428890048715667289 1428890048715366063 301226 24.62
1428890048736435635 1428890048735944287 491348 24.63
1428890048758827657 1428890048756804809 2022848 24.65
1428890049422362420 1428890049418956221 3406199 24.21
1428890049441432484 1428890049439196101 2236383 24.22
1428890049461747621 1428890049459404296 2343325 24.24
1428890049481681385 1428890049479754415 1926970 24.25
1428890049501722514 1428890049500021860 1700654 24.27
1428890049521914772 1428890049520268897 1645875 24.28
1428890049543450572 1428890049542135173 1315399 24.30
1428890049565068625 1428890049563797990 1270635 24.31
1428890049585053707 1428890049584543835 509872 24.33
1428890049605965316 1428890049605495428 469888 24.34
1428890049628641558 1428890049625835650 2805908 24.36
1428890049647923950 1428890049646217311 1706639 24.37
1428890049668043471 1428890049666530237 1513234 24.39
1428890049688923180 1428890049688379566 543614 24.40
1428890049710106251 1428890049709418069 688182 24.42
1428890049730373054 1428890049729893629 479425 24.43
1428890049750560798 1428890049750045078 515720 24.45
1428890049771816686 1428890049770354477 1462209 24.46
1428890049793596451 1428890049793083107 513344 24.48
1428890049814412805 1428890049813941564 471241 24.49
1428890049835157160 1428890049834677213 479947 24.51
1428890049855699883 1428890049855335294 364589 24.52
1428890049876979686 1428890049875904680 1075006 24.54
1428890050549811529 1428890050549471283 340246 24.11
1428890050570506685 1428890050570129960 376725 24.12
1428890050592406504 1428890050591103270 1303234 24.14
1428890050612887079 1428890050612575560 311519 24.15
1428890050634223223 1428890050633812258 410965 24.17
1428890050654937612 1428890050654445504 492108 24.18
1428890050677049378 1428890050675239939 1809439 24.19
1428890050697926133 1428890050697351801 574332 24.21
1428890050718814045 1428890050718364529 449516 24.22
1428890050741157814 1428890050740844799 313015 24.24
1428890050762227541 1428890050761802884 424657 24.25
1428890050782465335 1428890050782029856 435479 24.27
1428890050803904437 1428890050803568402 336035 24.28
1428890050825621270 1428890050824280166 1341104 24.29
1428890050847985814 1428890050846250683 1735131 24.31
1428890050870699197 1428890050868411910 2287287 24.32
1428890050891902705 1428890050891108804 793901 24.34
1428890050913743844 1428890050912938357 805487 24.35
1428890050934421351 1428890050933789183 632168 24.36
1428890050955468184 1428890050954949258 518926 24.38
1428890050976268024 1428890050975604857 663167 24.39
1428890050996609500 1428890050995839502 769998 24.41
1428890051017384718 1428890051016132676 1252042 24.42
1428890051271833833 1428890051269809592 2024241 24.30
1428890051293074204 1428890051292788114 286090 24.31
1428890051313753314 1428890051313279870 473444 24.33
1428890051335524308 1428890051335031697 492611 24.34
1428890051359523127 1428890051357803339 1719788 24.35
1428890051380928309 1428890051380531564 396745 24.37
1428890051403565497 1428890051401352305 2213192 24.38
1428890051426137768 1428890051423948472 2189296 24.39
1428890051446717841 1428890051446475635 242206 24.41
1428890051467159930 1428890051466867384 292546 24.42
1428890051487732661 1428890051487343929 388732 24.44
1428890051508155673 1428890051507870029 285644 24.45
1428890051531237608 1428890051528787216 2450392 24.46
1428890051552349058 1428890051551830745 518313 24.48
1428890051572483173 1428890051572080564 402609 24.49
1428890051593370896 1428890051592798050 572846 24.51
1428890051614172328 1428890051613719667 452661 24.52
1428890051634376253 1428890051634105285 270968 24.53
1428890051654771722 1428890051654339857 431865 24.55
1428890051675339459 1428890051674807155 532304 24.56
1428890051696216795 1428890051695558236 658559 24.58
1428890051718162747 1428890051717750289 412458 24.59
1428890051739103662 1428890051738613481 490181 24.60
1428890052402814853 1428890052402324544 490309 24.20
1428890052424857696 1428890052423221878 1635818 24.21
1428890052446438624 1428890052445978005 460619 24.23
1428890052467740848 1428890052466755671 985177 24.24
1428890052488614397 1428890052488041730 572667 24.26
1428890052509283939 1428890052508895570 388369 24.27
1428890052530388146 1428890052529970480 417666 24.28
1428890052552296389 1428890052550655224 1641165 24.30
1428890052573345540 1428890052572700767 644773 24.31
1428890052594630028 1428890052593784204 845824 24.32
1428890052616479927 1428890052615991575 488352 24.34
1428890052637330410 1428890052636814600 515810 24.35
1428890052658065904 1428890052657571612 494292 24.36
1428890052681418609 1428890052679894192 1524417 24.38
1428890052702221660 1428890052701712188 509472 24.39
1428890052724225569 1428890052722572172 1653397 24.40
1428890052746734905 1428890052744660003 2074902 24.42
1428890052768398100 1428890052767424841 973259 24.43
1428890052790571625 1428890052790424726 146899 24.44
1428890052812424243 1428890052812121984 302259 24.45
1428890052833431527 1428890052833129819 301708 24.47
1428890052854623624 1428890052854380159 243465 24.48
1428890052875125892 1428890052874783678 342214 24.49
1428890053545988966 1428890053545710742 278224 24.10
1428890053567871398 1428890053567359029 512369 24.11
1428890053589466627 1428890053589008408 458219 24.13
1428890053611316525 1428890053610051970 1264555 24.14
1428890053633691163 1428890053631820561 1870602 24.15
1428890053655516779 1428890053654332036 1184743 24.17
1428890053678556489 1428890053678095356 461133 24.18
1428890053700072251 1428890053698823893 1248358 24.19
1428890053720843131 1428890053720384946 458185 24.20
1428890053741429560 1428890053741072103 357457 24.22
1428890053762064339 1428890053761654791 409548 24.23
1428890053782655965 1428890053782252806 403159 24.24
1428890053803397244 1428890053802931806 465438 24.26
1428890053825003810 1428890053824586169 417641 24.27
1428890053846409972 1428890053845939016 470956 24.28
1428890053868913142 1428890053867414336 1498806 24.30
1428890053890369931 1428890053889162903 1207028 24.31
1428890053911527446 1428890053911128685 398761 24.32
1428890053932128400 1428890053931747197 381203 24.34
1428890053953022179 1428890053952348068 674111 24.35
1428890053974666133 1428890053974081898 584235 24.36
1428890053995506030 1428890053994948041 557989 24.37
1428890054016326713 1428890054015801821 524892 24.39
1428890054284905579 1428890054283539072 1366507 24.27
1428890054309535246 1428890054305289815 4245431 24.28
1428890054325860711 1428890054325330115 530596 24.29
1428890054345914488 1428890054345415355 499133 24.31
1428890054366392363 1428890054365681908 710455 24.32
1428890054387820588 1428890054385880359 1940229 24.33
1428890054407995022 1428890054406040549 1954473 24.35
1428890054432478575 1428890054426473242 6005333 24.36
1428890054450990803 1428890054447178557 3812246 24.37
1428890054469550510 1428890054467420791 2129719 24.39
1428890054489729681 1428890054487695942 2033739 24.40
1428890054509608112 1428890054507892011 1716101 24.41
1428890054529295959 1428890054528191727 1104232 24.43
1428890054550107855 1428890054548411486 1696369 24.44
1428890054569819792 1428890054568765014 1054778 24.45
1428890054592947452 1428890054589163194 3784258 24.47
1428890054612840865 1428890054611500124 1340741 24.48
1428890054635207824 1428890054633824149 1383675 24.49
1428890054660249292 1428890054656596313 3652979 24.50
1428890054681235941 1428890054680575051 660890 24.51
1428890054701985014 1428890054701536550 448464 24.53
1428890054723530693 1428890054722974859 555834 24.54
1428890054745060973 1428890054743814917 1246056 24.55
1428890055417023273 1428890055415664297 1358976 24.18
1428890055441689492 1428890055440154889 1534603 24.19
1428890055465043674 1428890055464832421 211253 24.20
1428890055489304334 1428890055488975535 328799 24.21
1428890055510319843 1428890055509945052 374791 24.22
1428890055530838348 1428890055530497728 340620 24.23
1428890055551413375 1428890055551014073 399302 24.25
1428890055573688961 1428890055573159614 529347 24.26
1428890055594554563 1428890055593993951 560612 24.27
1428890055616664287 1428890055616076585 587702 24.28
1428890055638167670 1428890055637619720 547950 24.30
1428890055659224099 1428890055658497366 726733 24.31
1428890055680313454 1428890055679602700 710754 24.32
1428890055701466770 1428890055700698902 767868 24.33
1428890055723595343 1428890055722717253 878090 24.35
1428890055746203970 1428890055744053548 2150422 24.36
1428890055768870045 1428890055766769516 2100529 24.37
1428890055791938123 1428890055791217042 721081 24.38
1428890055813447808 1428890055813083126 364682 24.39
1428890055834008130 1428890055833646452 361678 24.41
1428890055854688972 1428890055854283172 405800 24.42
1428890055876211355 1428890055874873527 1337828 24.43
1428890055897924700 1428890055896550185 1374515 24.44
1428890056568649976 1428890056568499484 150492 24.08
1428890056592716198 1428890056592318994 397204 24.09
1428890056615262901 1428890056614180398 1082503 24.10
1428890056638505388 1428890056636948921 1556467 24.11
1428890056660347155 1428890056660012209 334946 24.13
1428890056681751137 1428890056680748783 1002354 24.14
1428890056702381318 1428890056702057078 324240 24.15
1428890056724880202 1428890056722756511 2123691 24.16
1428890056747244648 1428890056745296254 1948394 24.17
1428890056768688366 1428890056767775037 913329 24.18
1428890056792083066 1428890056790555161 1527905 24.20
1428890056814042734 1428890056812470301 1572433 24.21
1428890056836022175 1428890056834386509 1635666 24.22
1428890056860089430 1428890056856318323 3771107 24.23
1428890056889672059 1428890056889502059 170000 24.24
1428890056910608977 1428890056909931064 677913 24.25
1428890056931034157 1428890056930717389 316768 24.26
1428890056951533513 1428890056951407445 126068 24.27
1428890056973728377 1428890056973173063 555314 24.29
1428890056994595835 1428890056993944720 651115 24.30
1428890057015463659 1428890057014202037 1261622 24.31
1428890057035533772 1428890057034920190 613582 24.32
1428890057056901489 1428890057055371093 1530396 24.33
1428890057322571968 1428890057321945588 626380 24.22
1428890057343565769 1428890057342919440 646329 24.24
1428890057364620002 1428890057363156475 1463527 24.25
1428890057384989153 1428890057383892708 1096445 24.26
1428890057404645749 1428890057404020730 625019 24.27
1428890057425596207 1428890057424862407 733800 24.29
1428890057446005287 1428890057445378380 626907 24.30
1428890057466159584 1428890057465613658 545926 24.31
1428890057487369068 1428890057485840714 1528354 24.32
1428890057506581126 1428890057506332636 248490 24.34
1428890057526980620 1428890057526521664 458956 24.35
1428890057547312588 1428890057547026261 286327 24.36
1428890057568187100 1428890057567701199 485901 24.37
1428890057588331067 1428890057587897886 433181 24.39
1428890057609241245 1428890057608740854 500391 24.40
1428890057631809373 1428890057630060398 1748975 24.41
1428890057653279324 1428890057650562323 2717001 24.42
1428890057673018919 1428890057671029745 1989174 24.43
1428890057692301246 1428890057691419093 882153 24.45
1428890057713044465 1428890057711776948 1267517 24.46
1428890057733073263 1428890057732112992 960271 24.47
1428890057754874678 1428890057752579011 2295667 24.48
1428890057776167676 1428890057773287496 2880180 24.49
1428890058443617714 1428890058443344292 273422 24.15
1428890058465373466 1428890058464952872 420594 24.16
1428890058487083072 1428890058486657449 425623 24.17
1428890058511472595 1428890058510073838 1398757 24.18
1428890058537776117 1428890058531981077 5795040 24.19
1428890058564758242 1428890058562411032 2347210 24.20
1428890058588918338 1428890058586777170 2141168 24.21
1428890058610867284 1428890058609267496 1599788 24.22
1428890058632273728 1428890058631209986 1063742 24.23
1428890058653889207 1428890058652638820 1250387 24.24
1428890058675421130 1428890058674250075 1171055 24.25
1428890058697530664 1428890058695779331 1751333 24.26
1428890058719224591 1428890058717990913 1233678 24.28
1428890058740383189 1428890058739638053 745136 24.29
1428890058762392432 1428890058760765719 1626713 24.30
1428890058784109008 1428890058782748776 1360232 24.31
1428890058804851308 1428890058804379514 471794 24.32
1428890058825404263 1428890058825059415 344848 24.33
1428890058847887868 1428890058845777567 2110301 24.34
1428890058871026690 1428890058870474730 551960 24.35
1428890058892507494 1428890058891205450 1302044 24.37
1428890058913933579 1428890058912798032 1135547 24.38
1428890058935700599 1428890058934219009 1481590 24.39
1428890059596862580 1428890059595838548 1024032 24.06
1428890059617785543 1428890059616064863 1720680 24.07
1428890059638030226 1428890059636313225 1717001 24.08
1428890059662532607 1428890059658949717 3582890 24.09
1428890059683762170 1428890059682946882 815288 24.10
1428890059706323905 1428890059706001705 322200 24.11
1428890059727048266 1428890059726553622 494644 24.13
1428890059748082372 1428890059747413690 668682 24.14
1428890059769124980 1428890059768479696 645284 24.15
1428890059792143263 1428890059791096583 1046680 24.16
1428890059812895998 1428890059812428326 467672 24.17
1428890059834251010 1428890059833835356 415654 24.18
1428890059854900672 1428890059854469819 430853 24.19
1428890059876417863 1428890059875933200 484663 24.20
1428890059896998840 1428890059896573166 425674 24.22
1428890059922411000 1428890059922030419 380581 24.22
1428890059943844708 1428890059943460234 384474 24.24
1428890059965570180 1428890059964340524 1229656 24.25
1428890059987045937 1428890059986483574 562363 24.26
1428890060008998081 1428890060007372260 1625821 24.27
1428890060029642366 1428890060029251780 390586 24.28
1428890060050246500 1428890060049818659 427841 24.29
1428890060072330936 1428890060071993528 337408 24.30
1428890060334083383 1428890060333112877 970506 24.20
1428890060355048666 1428890060354684184 364482 24.21
1428890060375467674 1428890060375212722 254952 24.23
1428890060395867054 1428890060395641191 225863 24.24
1428890060419490121 1428890060418038486 1451635 24.25
1428890060442357086 1428890060440370945 1986141 24.26
1428890060466601334 1428890060464771874 1829460 24.27
1428890060487495926 1428890060487004618 491308 24.28
1428890060509289823 1428890060507724774 1565049 24.29
1428890060528627780 1428890060527923087 704693 24.30
1428890060549598385 1428890060549016878 581507 24.31
1428890060569908469 1428890060569246036 662433 24.32
1428890060593968664 1428890060589584758 4383906 24.33
1428890060611861601 1428890060610179697 1681904 24.35
1428890060632251913 1428890060630565290 1686623 24.36
1428890060655729263 1428890060651135395 4593868 24.37
1428890060673521001 1428890060671520268 2000733 24.38
1428890060692228564 1428890060691796460 432104 24.39
1428890060712711762 1428890060712363675 348087 24.40
1428890060733278523 1428890060732914499 364024 24.42
1428890060755978093 1428890060753719285 2258808 24.43
1428890060778452954 1428890060777102141 1350813 24.44
1428890060801371668 1428890060801084812 286856 24.45
1428890061469105099 1428890061468893212 211887 24.12
1428890061489564346 1428890061489297101 267245 24.14
1428890061510066512 1428890061509781208 285304 24.15
1428890061530647652 1428890061530302791 344861 24.16
1428890061551180132 1428890061550828394 351738 24.17
1428890061571625375 1428890061571344625 280750 24.18
1428890061592131182 1428890061591771572 359610 24.19
1428890061614155108 1428890061612358173 1796935 24.20
1428890061635076708 1428890061634510899 565809 24.21
1428890061656761569 1428890061655511490 1250079 24.22
1428890061678521671 1428890061678059858 461813 24.24
1428890061701279334 1428890061699729555 1549779 24.25
1428890061723311381 1428890061721659296 1652085 24.26
1428890061744127299 1428890061743650167 477132 24.27
1428890061766962653 1428890061765445666 1516987 24.28
1428890061793722954 1428890061793186182 536772 24.28
1428890061814382809 1428890061813980547 402262 24.30
1428890061834980599 1428890061834586009 394590 24.31
1428890061855634251 1428890061855198536 435715 24.32
1428890061879921177 1428890061877533658 2387519 24.33
1428890061901951938 1428890061900330040 1621898 24.34
1428890061926270541 1428890061922668980 3601561 24.35
1428890061947236673 1428890061946773029 463644 24.36
1428890062618206120 1428890062617893663 312457 24.04
1428890062638773139 1428890062638375927 397212 24.05
1428890062659483352 1428890062658871558 611794 24.07
1428890062679801119 1428890062679127461 673658 24.08
1428890062700337782 1428890062699511231 826551 24.09
1428890062721237797 1428890062720746044 491753 24.10
1428890062742449773 1428890062741836328 613445 24.11
1428890062762407572 1428890062762185409 222163 24.12
1428890062783381492 1428890062782770091 611401 24.13
1428890062803671153 1428890062803015837 655316 24.14
1428890062824867291 1428890062823876341 990950 24.15
1428890062845229289 1428890062844877085 352204 24.16
1428890062866113590 1428890062865666977 446613 24.17
1428890062887474724 1428890062887252687 222037 24.19
1428890062908381035 1428890062907909565 471470 24.20
1428890062931386280 1428890062928559193 2827087 24.21
1428890062949383185 1428890062948864813 518372 24.22
1428890062969624072 1428890062969065564 558508 24.23
1428890062989754854 1428890062989212234 542620 24.24
1428890063011600216 1428890063009532013 2068203 24.25
1428890063031664148 1428890063029796122 1868026 24.26
1428890063051895036 1428890063051464027 431009 24.27
1428890063073028032 1428890063072649145 378887 24.28
1428890063350064374 1428890063349752517 311857 24.18
1428890063370509205 1428890063370278864 230341 24.19
1428890063391585181 1428890063391407563 177618 24.20
1428890063413451610 1428890063412210756 1240854 24.21
1428890063434070469 1428890063433603494 466975 24.22
1428890063455112612 1428890063454551743 560869 24.23
1428890063477559126 1428890063475667586 1891540 24.24
1428890063499683963 1428890063498805151 878812 24.25
1428890063526422559 1428890063526099861 322698 24.26
1428890063546921620 1428890063546648657 272963 24.27
1428890063568509752 1428890063567203964 1305788 24.28
1428890063589277668 1428890063588811675 465993 24.29
1428890063611684813 1428890063609663901 2020912 24.30
1428890063633776884 1428890063632169477 1607407 24.31
1428890063655919208 1428890063654186401 1732807 24.32
1428890063680575385 1428890063678306641 2268744 24.33
1428890063701713740 1428890063701323701 390039 24.34
1428890063722385918 1428890063722068489 317429 24.35
1428890063743610606 1428890063742790874 819732 24.36
1428890063767757953 1428890063765198888 2559065 24.37
1428890063792929479 1428890063790205620 2723859 24.38
1428890063813574816 1428890063813163777 411039 24.39
1428890063835127472 1428890063834665429 462043 24.40
1428890064494580462 1428890064494211439 369023 24.10
1428890064518424606 1428890064514613906 3810700 24.11
1428890064536084058 1428890064535649179 434879 24.12
1428890064556233025 1428890064555805414 427611 24.14
1428890064578750462 1428890064576830111 1920351 24.15
1428890064600215044 1428890064598644084 1570960 24.16
1428890064620176414 1428890064618981291 1195123 24.17
1428890064640894568 1428890064640462787 431781 24.18
1428890064663127230 1428890064661936641 1190589 24.19
1428890064684773700 1428890064683446134 1327566 24.20
1428890064705768333 1428890064705078690 689643 24.21
1428890064726717742 1428890064726124616 593126 24.22
1428890064748098376 1428890064747064173 1034203 24.23
1428890064769222954 1428890064768719332 503622 24.24
1428890064790999437 1428890064789912805 1086632 24.25
1428890064811682531 1428890064811246882 435649 24.26
1428890064832244973 1428890064831887044 357929 24.27
1428890064852976395 1428890064852468133 508262 24.28
1428890064873887629 1428890064873170497 717132 24.29
1428890064895202370 1428890064894165295 1037075 24.30
1428890064916851089 1428890064915559719 1291370 24.31
1428890064939217322 1428890064937243186 1974136 24.32
1428890064962074126 1428890064959757960 2316166 24.33
1428890065638573119 1428890065637851175 721944 24.03
1428890065660348482 1428890065660073179 275303 24.04
1428890065681073859 1428890065680678112 395747 24.05
1428890065702614824 1428890065702099506 515318 24.06
1428890065725094947 1428890065723099894 1995053 24.07
1428890065745710416 1428890065745334169 376247 24.08
1428890065768110248 1428890065766147976 1962272 24.09
1428890065792319297 1428890065790587934 1731363 24.10
1428890065813903434 1428890065813418953 484481 24.11
1428890065834658421 1428890065834132807 525614 24.12
1428890065859006262 1428890065855025071 3981191 24.13
1428890065879855339 1428890065879415592 439747 24.14
1428890065901103531 1428890065900676683 426848 24.15
1428890065922359786 1428890065921931518 428268 24.16
1428890065946389023 1428890065943690855 2698168 24.17
1428890065977781683 1428890065976908400 873283 24.17
1428890065998644491 1428890065998369423 275068 24.18
1428890066019219993 1428890066018723595 496398 24.19
1428890066041697811 1428890066040048485 1649326 24.20
1428890066061599297 1428890066060269402 1329895 24.21
1428890066082872594 1428890066082060295 812299 24.22
1428890066105233297 1428890066103595617 1637680 24.23
1428890066126548275 1428890066125542481 1005794 24.24
1428890066385905117 1428890066385768324 136793 24.15
1428890066413038437 1428890066406876841 6161596 24.16
1428890066427574933 1428890066427251029 323904 24.17
1428890066447867562 1428890066447443833 423729 24.18
1428890066468005444 1428890066467595564 409880 24.19
1428890066488548215 1428890066487807777 740438 24.20
1428890066508527359 1428890066507991066 536293 24.21
1428890066530263946 1428890066528211607 2052339 24.22
1428890066549202986 1428890066548513404 689582 24.23
1428890066570473057 1428890066568758068 1714989 24.24
1428890066591070423 1428890066589166840 1903583 24.25
1428890066612331425 1428890066610230082 2101343 24.26
1428890066632810003 1428890066630820068 1989935 24.27
1428890066653569046 1428890066653148533 420513 24.28
1428890066674467553 1428890066673838018 629535 24.29
1428890066696483282 1428890066695990385 492897 24.30
1428890066717817228 1428890066716657130 1160098 24.31
1428890066740179800 1428890066738393556 1786244 24.32
1428890066762933013 1428890066760821696 2111317 24.33
1428890066783824971 1428890066783352240 472731 24.34
1428890066805191451 1428890066804787439 404012 24.35
1428890066825769693 1428890066825384029 385664 24.36
1428890066847001135 1428890066846179345 821790 24.37
1428890067510032685 1428890067509716491 316194 24.09
1428890067533009073 1428890067532879689 129384 24.10
1428890067554517090 1428890067554086493 430597 24.11
1428890067577762024 1428890067574529453 3232571 24.12
1428890067596370686 1428890067595025622 1345064 24.13
1428890067617633582 1428890067616235980 1397602 24.14
1428890067639100017 1428890067637461699 1638318 24.15
1428890067659961180 1428890067659515456 445724 24.16
1428890067683487657 1428890067682803956 683701 24.17
1428890067705939762 1428890067705151855 787907 24.17
1428890067727055175 1428890067726430724 624451 24.18
1428890067749531238 1428890067747472530 2058708 24.19
1428890067772482625 1428890067770607996 1874629 24.20
1428890067794210088 1428890067793757533 452555 24.21
1428890067814758377 1428890067814382711 375666 24.22
1428890067837224353 1428890067836896542 327811 24.23
1428890067861031383 1428890067859557907 1473476 24.24
1428890067883118885 1428890067881389592 1729293 24.25
1428890067905108772 1428890067903527804 1580968 24.26
1428890067927301375 1428890067925498640 1802735 24.27
1428890067947990000 1428890067947573303 416697 24.28
1428890067969384658 1428890067969015939 368719 24.28
1428890067990921514 1428890067989567006 1354508 24.29
1428890068256696820 1428890068256031811 665009 24.21
1428890068280778733 1428890068276374643 4404090 24.22
1428890068298202122 1428890068296804025 1398097 24.23
1428890068318282981 1428890068317627695 655286 24.24
1428890068338178582 1428890068337839914 338668 24.25
1428890068359069265 1428890068358681303 387962 24.26
1428890068381411374 1428890068381059549 351825 24.27
1428890068402127354 1428890068401707397 419957 24.27
1428890068423665245 1428890068422549116 1116129 24.28
1428890068445545151 1428890068445067698 477453 24.29
1428890068466105569 1428890068465773824 331745 24.30
1428890068486749995 1428890068486330062 419933 24.31
1428890068507191382 1428890068506884714 306668 24.32
1428890068527652160 1428890068527369612 282548 24.33
1428890068551281867 1428890068550885915 395952 24.34
1428890068571918112 1428890068571505812 412300 24.35
1428890068594033820 1428890068592267727 1766093 24.36
1428890068615746432 1428890068614353002 1393430 24.37
1428890068637463309 1428890068636024721 1438588 24.38
1428890068658315941 1428890068657758753 557188 24.39
1428890068679134058 1428890068678587794 546264 24.40
1428890068702170641 1428890068700244586 1926055 24.40
1428890068723842937 1428890068722539238 1303699 24.41
1428890069391637813 1428890069391355572 282241 24.14
1428890069413530829 1428890069411953797 1577032 24.15
1428890069436971304 1428890069432638516 4332788 24.16
1428890069453478908 1428890069452800603 678305 24.17
1428890069474952692 1428890069474032163 920529 24.18
1428890069499938061 1428890069494732239 5205822 24.19
1428890069515700700 1428890069515135607 565093 24.20
1428890069536335089 1428890069535380513 954576 24.21
1428890069557594649 1428890069557309854 284795 24.22
1428890069578924595 1428890069578024381 900214 24.23
1428890069601079877 1428890069600765189 314688 24.24
1428890069627121641 1428890069626851054 270587 24.24
1428890069648727312 1428890069648302805 424507 24.25
