1428887123606823532 1428887123604918043 1905489 5.87
1428887123780462258 1428887123778711698 1750560 5.81
1428887123944900229 1428887123943006923 1893306 5.90
1428887124105225645 1428887124104748954 476691 5.98
1428887124272073905 1428887124267320322 4753583 5.98
1428887124440144386 1428887124438242356 1902030 5.98
1428887124603048210 1428887124602466885 581325 6.00
1428887124768882509 1428887124764811995 4070514 6.00
1428887124929517734 1428887124927079219 2438515 6.03
1428887125096631602 1428887125095246021 1385581 6.02
1428887125257381765 1428887125256789044 592721 6.04
1428887125417935802 1428887125416961701 974101 6.06
1428887125579019483 1428887125578015738 1003745 6.07
1428887125742286211 1428887125740370105 1916106 6.07
1428887125902254402 1428887125900581315 1673087 6.08
1428887126061272157 1428887126060769237 502920 6.10
1428887126224581593 1428887126221012906 3568687 6.10
1428887126383887038 1428887126381333446 2553592 6.11
1428887126542392759 1428887126541969155 423604 6.12
1428887126705850879 1428887126702374626 3476253 6.12
1428887126863299237 1428887126862853079 446158 6.13
1428887127023783592 1428887127023021645 761947 6.13
1428887127184997096 1428887127184512248 484848 6.14
1428887127345485395 1428887127345191174 294221 6.14
1428887127506998242 1428887127506499212 499030 6.14
1428887127669607797 1428887127668587076 1020721 6.14
1428887127829396307 1428887127828903842 492465 6.15
1428887127993175295 1428887127992984540 190755 6.14
1428887128158370580 1428887128156613638 1756942 6.14
1428887128320150652 1428887128318695563 1455089 6.14
1428887128486854193 1428887128483356530 3497663 6.14
1428887128644160000 1428887128643554744 605256 6.14
1428887128804915011 1428887128803742762 1172249 6.15
1428887128964673800 1428887128964233419 440381 6.15
1428887129125101828 1428887129124841649 260179 6.15
1428887129285523598 1428887129285263234 260364 6.15
1428887129446046879 1428887129445712754 334125 6.16
1428887129607260763 1428887129606704207 556556 6.16
1428887129768745533 1428887129767055295 1690238 6.16
1428887129928306330 1428887129927900051 406279 6.16
1428887130088951679 1428887130088473244 478435 6.16
1428887130250622298 1428887130248734042 1888256 6.16
1428887130412237620 1428887130410077408 2160212 6.16
1428887130573325991 1428887130571749339 1576652 6.17
1428887130733887732 1428887130733045280 842452 6.17
1428887130896692299 1428887130894192161 2500138 6.17
1428887131054771474 1428887131054342549 428925 6.17
1428887131214968772 1428887131214544800 423972 6.17
1428887131378258016 1428887131374787072 3470944 6.17
1428887131535854352 1428887131535093944 760408 6.17
1428887131696703182 1428887131695357481 1345701 6.17
1428887131857693704 1428887131856986331 707373 6.17
1428887132022074659 1428887132017876656 4198003 6.17
1428887132179000017 1428887132178146476 853541 6.18
1428887132339260680 1428887132338376124 884556 6.18
1428887132500577138 1428887132499174112 1403026 6.18
1428887132660839981 1428887132660006534 833447 6.18
1428887132820732280 1428887132820202643 529637 6.18
1428887132981449922 1428887132980351420 1098502 6.18
1428887133141956747 1428887133141663349 293398 6.18
1428887133302369005 1428887133302098860 270145 6.18
1428887133463153798 1428887133462817203 336595 6.18
1428887133624675039 1428887133624442837 232202 6.18
1428887133785192037 1428887133784929199 262838 6.18
1428887133945665458 1428887133945341011 324447 6.19
1428887134106109584 1428887134105862799 246785 6.19
1428887134267232127 1428887134266375283 856844 6.19
1428887134430952545 1428887134428749119 2203426 6.18
1428887134589999867 1428887134588992354 1007513 6.19
1428887134750755060 1428887134750226577 528483 6.19
1428887134910966279 1428887134910475308 490971 6.19
1428887135073184271 1428887135072956609 227662 6.19
1428887135235243610 1428887135234460245 783365 6.19
1428887135397245789 1428887135394981734 2264055 6.19
1428887135556331802 1428887135556163258 168544 6.19
1428887135722317426 1428887135719145344 3172082 6.19
1428887135882096688 1428887135881500845 595843 6.19
1428887136043449947 1428887136041948776 1501171 6.19
1428887136204643053 1428887136203169779 1473274 6.19
1428887136364130082 1428887136363664940 465142 6.19
1428887136524346744 1428887136523914250 432494 6.19
1428887136686858106 1428887136684575035 2283071 6.19
1428887136845802749 1428887136845123918 678831 6.19
1428887137005976094 1428887137005290421 685673 6.19
1428887137166173113 1428887137165465395 707718 6.19
1428887137328138028 1428887137325758285 2379743 6.19
1428887137492176512 1428887137490150277 2026235 6.19
1428887137652267322 1428887137651863545 403777 6.19
1428887137813407635 1428887137812265059 1142576 6.19
1428887137975134893 1428887137973695636 1439257 6.19
1428887138136069408 1428887138135468976 600432 6.19
1428887138300060940 1428887138298268080 1792860 6.19
1428887138461203064 1428887138460314532 888532 6.19
1428887138627163025 1428887138622210591 4952434 6.19
1428887138784708467 1428887138782455904 2252563 6.19
1428887138944253233 1428887138942760555 1492678 6.19
1428887139107022465 1428887139105304881 1717584 6.19
1428887139269253409 1428887139267373622 1879787 6.19
1428887139429231736 1428887139427727903 1503833 6.19
1428887139589217667 1428887139588257954 959713 6.19
1428887139748904618 1428887139748359490 545128 6.19
1428887139910694654 1428887139910445627 249027 6.19
1428887140071273555 1428887140070863262 410293 6.19
1428887140232778878 1428887140231148191 1630687 6.19
1428887140392359280 1428887140391460141 899139 6.19
1428887140552489511 1428887140551677789 811722 6.19
1428887140712955788 1428887140712170785 785003 6.19
1428887140873400038 1428887140872470964 929074 6.19
1428887141032940380 1428887141032657307 283073 6.19
1428887141195465787 1428887141194091340 1374447 6.19
1428887141357378207 1428887141356191519 1186688 6.19
1428887141519687649 1428887141517710066 1977583 6.19
1428887141678279983 1428887141677976538 303445 6.19
1428887141849996564 1428887141840671781 9324783 6.19
1428887142003378836 1428887142002813448 565388 6.19
1428887142165297728 1428887142165112029 185699 6.19
1428887142327979239 1428887142326763385 1215854 6.19
1428887142489634156 1428887142487198529 2435627 6.19
1428887142650414094 1428887142647547886 2866208 6.19
1428887142808254168 1428887142807699983 554185 6.19
1428887142970939310 1428887142967954767 2984543 6.19
1428887143134075502 1428887143128540808 5534694 6.19
1428887143293023229 1428887143289416984 3606245 6.19
1428887143452778337 1428887143449997666 2780671 6.19
1428887143612229525 1428887143611431627 797898 6.20
1428887143772982398 1428887143771683669 1298729 6.20
1428887143933483971 1428887143933392348 91623 6.20
1428887144097204783 1428887144094705145 2499638 6.20
1428887144255973401 1428887144255642803 330598 6.20
1428887144418450696 1428887144416266705 2183991 6.20
1428887144577020890 1428887144576574576 446314 6.20
1428887144740965564 1428887144737266983 3698581 6.20
1428887144898913634 1428887144898427188 486446 6.20
1428887145058829786 1428887145058572537 257249 6.20
1428887145221121852 1428887145219625409 1496443 6.20
1428887145380593799 1428887145379726187 867612 6.20
1428887145540423720 1428887145539900232 523488 6.20
1428887145702254920 1428887145701041421 1213499 6.20
1428887145861683759 1428887145861254861 428898 6.20
1428887146021862763 1428887146021662689 200074 6.20
1428887146183579504 1428887146183114672 464832 6.20
1428887146346001045 1428887146343810469 2190576 6.20
1428887146504717940 1428887146504006061 711879 6.20
1428887146668143095 1428887146664914147 3228948 6.20
1428887146826837884 1428887146825125782 1712102 6.20
1428887146986905399 1428887146986539939 365460 6.20
1428887147147148514 1428887147146688250 460264 6.20
1428887147308855331 1428887147307040016 1815315 6.20
1428887147471093200 1428887147467788421 3304779 6.20
1428887147636663009 1428887147628616877 8046132 6.20
1428887147797390988 1428887147797165256 225732 6.20
1428887147972630929 1428887147957736686 14894243 6.19
1428887148119178000 1428887148118964052 213948 6.20
1428887148283982944 1428887148279613579 4369365 6.20
1428887148448390213 1428887148445123235 3266978 6.20
1428887148609517458 1428887148607127888 2389570 6.20
1428887148774487816 1428887148768014856 6472960 6.20
1428887148932610553 1428887148928551186 4059367 6.20
1428887149089746130 1428887149088899939 846191 6.20
1428887149253621625 1428887149249225093 4396532 6.20
1428887149410554107 1428887149409687689 866418 6.20
1428887149572399273 1428887149572130490 268783 6.20
1428887149732916560 1428887149732310108 606452 6.20
1428887149893945399 1428887149893324929 620470 6.20
1428887150054881089 1428887150054640552 240537 6.20
1428887150215932134 1428887150215535353 396781 6.20
1428887150379325395 1428887150376626525 2698870 6.20
1428887150540966681 1428887150537223229 3743452 6.20
1428887150698927701 1428887150697471235 1456466 6.20
1428887150858207648 1428887150857645149 562499 6.20
1428887151018039252 1428887151017781631 257621 6.20
1428887151181433760 1428887151178198991 3234769 6.20
1428887151344170465 1428887151338710536 5459929 6.20
1428887151502008278 1428887151500482601 1525677 6.20
1428887151663372299 1428887151661025436 2346863 6.20
1428887151821696671 1428887151821233147 463524 6.20
1428887151982193092 1428887151981660568 532524 6.20
1428887152147367586 1428887152142266936 5100650 6.20
1428887152302496700 1428887152302493721 2979 6.20
1428887152465517295 1428887152465110391 406904 6.20
1428887152631536772 1428887152627811202 3725570 6.20
1428887152795600507 1428887152791591706 4008801 6.20
1428887152953275004 1428887152953231442 43562 6.20
1428887153120797997 1428887153113837345 6960652 6.20
1428887153281835397 1428887153276643961 5191436 6.20
1428887153439496532 1428887153436935597 2560935 6.20
1428887153601259461 1428887153597443265 3816196 6.20
1428887153762150003 1428887153759498816 2651187 6.20
1428887153930637453 1428887153930181403 456050 6.20
1428887154092596393 1428887154092283255 313138 6.20
1428887154254927619 1428887154254053464 874155 6.20
1428887154415998508 1428887154415479768 518740 6.20
1428887154576512575 1428887154576134791 377784 6.20
1428887154737335016 1428887154736670219 664797 6.20
1428887154897348827 1428887154896782385 566442 6.20
1428887155060633361 1428887155058339510 2293851 6.20
1428887155220166237 1428887155218562132 1604105 6.20
1428887155379553178 1428887155378753354 799824 6.20
1428887155540408336 1428887155538920068 1488268 6.20
1428887155699634898 1428887155699098102 536796 6.20
1428887155859607597 1428887155859266725 340872 6.20
1428887156021009729 1428887156019803835 1205894 6.20
1428887156182109328 1428887156181242682 866646 6.20
1428887156343466786 1428887156341992936 1473850 6.20
1428887156505085211 1428887156504927902 157309 6.20
1428887156669154262 1428887156665409092 3745170 6.20
1428887156827104230 1428887156825800260 1303970 6.20
1428887156986735954 1428887156986173380 562574 6.20
1428887157151117055 1428887157147183447 3933608 6.20
1428887157309288100 1428887157308387504 900596 6.20
1428887157469590320 1428887157468644858 945462 6.20
1428887157629489412 1428887157629228847 260565 6.20
1428887157789824264 1428887157789387425 436839 6.20
1428887157950594324 1428887157949649273 945051 6.20
1428887158110218289 1428887158109864054 354235 6.20
1428887158270704998 1428887158270403393 301605 6.20
1428887158432586416 1428887158431667865 918551 6.20
1428887158592196704 1428887158591936995 259709 6.20
1428887158752724316 1428887158752383059 341257 6.20
1428887158918986267 1428887158918699665 286602 6.20
1428887159080309572 1428887159079979056 330516 6.20
1428887159243653324 1428887159243206511 446813 6.20
1428887159409179875 1428887159404691434 4488441 6.20
1428887159565651982 1428887159565168034 483948 6.20
1428887159732533556 1428887159727225890 5307666 6.20
1428887159890922782 1428887159889502200 1420582 6.20
1428887160050434780 1428887160049931093 503687 6.20
1428887160211607498 1428887160210889524 717974 6.20
1428887160371542137 1428887160371026484 515653 6.20
1428887160536996662 1428887160531726886 5269776 6.20
1428887160692354134 1428887160692176695 177439 6.20
1428887160852804734 1428887160852600228 204506 6.20
1428887161017623700 1428887161017156029 467671 6.20
1428887161180726843 1428887161178106097 2620746 6.20
1428887161340617110 1428887161338569587 2047523 6.20
1428887161501939287 1428887161500000670 1938617 6.20
1428887161664802338 1428887161660458047 4344291 6.20
1428887161821524790 1428887161821030272 494518 6.20
1428887161990202267 1428887161982998583 7203684 6.20
1428887162153064499 1428887162149128020 3936479 6.20
1428887162313628234 1428887162309579493 4048741 6.20
1428887162471561463 1428887162469821316 1740147 6.20
1428887162634933308 1428887162633204326 1728982 6.20
1428887162793996961 1428887162793537830 459131 6.20
1428887162954607173 1428887162954224708 382465 6.20
1428887163116666688 1428887163115195845 1470843 6.20
1428887163275975392 1428887163275344396 630996 6.20
1428887163440236441 1428887163435448933 4787508 6.20
1428887163597554868 1428887163596948436 606432 6.20
1428887163760026998 1428887163757213150 2813848 6.20
1428887163921460535 1428887163917817904 3642631 6.20
1428887164087098696 1428887164078446315 8652381 6.20
1428887164242678696 1428887164238850089 3828607 6.20
1428887164406595818 1428887164399449236 7146582 6.20
1428887164563530745 1428887164561272798 2257947 6.20
1428887164725137251 1428887164722748274 2388977 6.20
1428887164888385811 1428887164887490113 895698 6.20
1428887165049465080 1428887165049264239 200841 6.20
1428887165209870217 1428887165209607828 262389 6.20
1428887165371691618 1428887165370933681 757937 6.20
1428887165534078500 1428887165531658077 2420423 6.20
1428887165692442807 1428887165691935563 507244 6.20
1428887165852380802 1428887165852088537 292265 6.20
1428887166018047856 1428887166017095477 952379 6.20
1428887166183225919 1428887166180436989 2788930 6.20
1428887166341594934 1428887166341099147 495787 6.20
1428887166501801850 1428887166501279232 522618 6.20
1428887166665025469 1428887166662147059 2878410 6.20
1428887166822573564 1428887166822350105 223459 6.20
1428887166984051743 1428887166983066646 985097 6.20
1428887167149228178 1428887167145613908 3614270 6.20
1428887167306514728 1428887167306012027 502701 6.20
1428887167466859704 1428887167466183367 676337 6.20
1428887167627134445 1428887167626467971 666474 6.20
1428887167787189856 1428887167786803617 386239 6.20
1428887167949495245 1428887167947010645 2484600 6.20
1428887168109467817 1428887168107607197 1860620 6.20
1428887168268172761 1428887168267986375 186386 6.20
1428887168432862423 1428887168428282825 4579598 6.20
1428887168589674077 1428887168588561069 1113008 6.20
1428887168753924697 1428887168749272169 4652528 6.20
1428887168909987549 1428887168909559805 427744 6.20
1428887169071587798 1428887169071190022 397776 6.20
1428887169235520180 1428887169233106825 2413355 6.20
1428887169395117809 1428887169394555595 562214 6.20
1428887169556375063 1428887169555748377 626686 6.20
1428887169716644319 1428887169716300610 343709 6.20
1428887169882309504 1428887169877083307 5226197 6.20
1428887170037729828 1428887170037529448 200380 6.20
1428887170198349529 1428887170197906915 442614 6.20
1428887170359960414 1428887170359022969 937445 6.20
1428887170519800902 1428887170519236875 564027 6.20
1428887170680014092 1428887170679394094 619998 6.20
1428887170840108368 1428887170839530469 577899 6.20
1428887171002788130 1428887171002328320 459810 6.20
1428887171169532358 1428887171169261270 271088 6.20
1428887171331025993 1428887171329723158 1302835 6.20
1428887171493236550 1428887171490018263 3218287 6.20
1428887171655827667 1428887171650518219 5309448 6.20
1428887171811003133 1428887171810765740 237393 6.20
1428887171973900608 1428887171973079236 821372 6.20
1428887172140909755 1428887172138178795 2730960 6.20
1428887172305047945 1428887172298759136 6288809 6.20
1428887172463478672 1428887172461836760 1641912 6.20
1428887172623393323 1428887172623154205 239118 6.20
1428887172790438286 1428887172784808725 5629561 6.20
1428887172948549235 1428887172948002646 546589 6.20
1428887173109086906 1428887173108393078 693828 6.20
1428887173275034995 1428887173270296383 4738612 6.20
1428887173431296938 1428887173430647695 649243 6.20
1428887173591544037 1428887173590940829 603208 6.20
1428887173754985655 1428887173751272942 3712713 6.20
1428887173916239128 1428887173911817512 4421616 6.20
1428887174073259450 1428887174072339747 919703 6.20
1428887174241445759 1428887174238967076 2478683 6.20
1428887174401852587 1428887174399602845 2249742 6.20
1428887174562160773 1428887174560161278 1999495 6.20
1428887174722294911 1428887174720495567 1799344 6.20
1428887174882581870 1428887174880938411 1643459 6.20
1428887175042524544 1428887175042380908 143636 6.20
1428887175204781976 1428887175203777875 1004101 6.20
1428887175365726263 1428887175364912301 813962 6.20
1428887175525993560 1428887175525162136 831424 6.20
1428887175688996857 1428887175685566976 3429881 6.20
1428887175847951015 1428887175845991570 1959445 6.20
1428887176009692575 1428887176007529829 2162746 6.20
1428887176172244045 1428887176170588912 1655133 6.20
1428887176333229441 1428887176331135670 2093771 6.20
1428887176492147302 1428887176491460561 686741 6.20
1428887176652987073 1428887176651771987 1215086 6.20
1428887176815158519 1428887176812157166 3001353 6.20
1428887176976634480 1428887176973483883 3150597 6.20
1428887177139282205 1428887177134860693 4421512 6.20
1428887177297235076 1428887177295443600 1791476 6.20
1428887177460821013 1428887177458740167 2080846 6.20
1428887177624420467 1428887177621795775 2624692 6.20
1428887177785108310 1428887177782833898 2274412 6.20
1428887177946963879 1428887177946295920 667959 6.20
1428887178109683279 1428887178108992904 690375 6.20
1428887178270680399 1428887178270023614 656785 6.20
1428887178436530320 1428887178431011555 5518765 6.20
1428887178596572665 1428887178593906490 2666175 6.20
1428887178754641735 1428887178754097605 544130 6.20
1428887178915197602 1428887178914677433 520169 6.20
1428887179077462857 1428887179075075374 2387483 6.20
1428887179237077634 1428887179235544072 1533562 6.20
1428887179398361197 1428887179395986935 2374262 6.20
1428887179558745625 1428887179556370830 2374795 6.20
1428887179720269769 1428887179718142506 2127263 6.20
1428887179881635143 1428887179878616884 3018259 6.20
1428887180040354862 1428887180039328647 1026215 6.20
1428887180200453331 1428887180199817803 635528 6.20
1428887180360558394 1428887180360109578 448816 6.20
1428887180523213451 1428887180520590277 2623174 6.20
1428887180685477131 1428887180682859110 2618021 6.20
1428887180843820399 1428887180843284328 536071 6.20
1428887181003820826 1428887181003488648 332178 6.20
1428887181166630028 1428887181164211456 2418572 6.20
1428887181328691573 1428887181328143040 548533 6.20
1428887181492196517 1428887181490092623 2103894 6.20
1428887181654594278 1428887181650539924 4054354 6.20
1428887181811484386 1428887181810933489 550897 6.20
1428887181971735347 1428887181971238493 496854 6.20
1428887182134195866 1428887182132120222 2075644 6.20
1428887182296225579 1428887182295353553 872026 6.20
1428887182460939873 1428887182455564798 5375075 6.20
1428887182618514750 1428887182616464472 2050278 6.20
1428887182781195900 1428887182778305843 2890057 6.20
1428887182945028653 1428887182941361759 3666894 6.20
1428887183107170564 1428887183105160522 2010042 6.20
1428887183274105833 1428887183268335580 5770253 6.20
1428887183431500400 1428887183429748928 1751472 6.20
1428887183594629542 1428887183592964098 1665444 6.20
1428887183754618316 1428887183753318131 1300185 6.20
1428887183915614471 1428887183913786210 1828261 6.20
1428887184077188700 1428887184076599697 589003 6.20
1428887184237538349 1428887184237151080 387269 6.20
1428887184400150594 1428887184397550106 2600488 6.20
1428887184561222295 1428887184558229302 2992993 6.20
1428887184722180052 1428887184718732278 3447774 6.20
1428887184883082717 1428887184879270635 3812082 6.20
1428887185041787104 1428887185040425587 1361517 6.20
1428887185206276347 1428887185200786607 5489740 6.20
1428887185365055151 1428887185364703364 351787 6.20
1428887185530954332 1428887185526469814 4484518 6.20
1428887185689105264 1428887185687257297 1847967 6.20
1428887185849371226 1428887185847593239 1777987 6.20
1428887186012074186 1428887186009891405 2182781 6.20
1428887186175052730 1428887186173803414 1249316 6.20
1428887186335261994 1428887186334695921 566073 6.20
1428887186496256299 1428887186495179971 1076328 6.20
1428887186660210511 1428887186656991012 3219499 6.20
1428887186818123629 1428887186817268696 854933 6.20
1428887186978880146 1428887186977482971 1397175 6.20
1428887187144815957 1428887187137886826 6929131 6.20
1428887187305696029 1428887187299251428 6444601 6.20
1428887187460907921 1428887187460013091 894830 6.20
1428887187623335872 1428887187621333718 2002154 6.20
1428887187784225168 1428887187782105576 2119592 6.20
1428887187944683646 1428887187942750177 1933469 6.20
1428887188104905808 1428887188103751414 1154394 6.20
1428887188274428889 1428887188266065910 8362979 6.20
1428887188429511821 1428887188428674541 837280 6.20
1428887188590424498 1428887188589415123 1009375 6.20
1428887188753190726 1428887188749788041 3402685 6.20
1428887188913077619 1428887188910202493 2875126 6.20
1428887189074374994 1428887189071936482 2438512 6.20
1428887189241018770 1428887189235451393 5567377 6.20
1428887189399160309 1428887189395867696 3292613 6.20
