1431148431237990340 1431148431237731314 259026 
1431148431238759217 1431148431238632012 127205 
1431148431241539636 1431148431241407055 132581 
1431148431242233603 1431148431242119101 114502 
1431148431243887760 1431148431243711909 175851 
1431148431248537252 1431148431245577812 2959440 
1431148431249679882 1431148431245941320 3738562 
1431148431250055788 1431148431246551200 3504588 
1431148431255117889 1431148431246784508 8333381 
1431148431256417727 1431148431247224064 9193663 
1431148431256960265 1431148431251598611 5361654 
1431148431258226763 1431148431252122866 6103897 
1431148431261248572 1431148431252405766 8842806 
1431148431262364157 1431148431252731450 9632707 
1431148431262871922 1431148431253095790 9776132 
1431148431264274474 1431148431253421486 10852988 
1431148431268107450 1431148431253776657 14330793 
1431148431269482001 1431148431254119864 15362137 
1431148431269904235 1431148431254369793 15534442 
1431148431271094499 1431148431258765833 12328666 
1431148431274566667 1431148431259549654 15017013 
1431148431275471588 1431148431259797085 15674503 
1431148431276582845 1431148431260063119 16519726 
1431148431276910675 1431148431260285495 16625180 
1431148431281117573 1431148431260492144 20625429 
1431148431282071516 1431148431265581070 16490446 
1431148431282626325 1431148431265890133 16736192 
1431148431283354905 1431148431266126236 17228669 
1431148431286133123 1431148431266373274 19759849 
1431148431286514984 1431148431266554107 19960877 
1431148431287517540 1431148431266722280 20795260 
1431148431287837665 1431148431266892307 20945358 
1431148431292448832 1431148431267203410 25245422 
1431148431292956553 1431148431271431838 21524715 
1431148431294386213 1431148431272612521 21773692 
1431148431294718224 1431148431272924041 21794183 
1431148431296637944 1431148431273297230 23340714 
1431148431297512816 1431148431273565411 23947405 
1431148431298138603 1431148431273865340 24273263 
1431148431299290894 1431148431278559153 20731741 
1431148431304714644 1431148431278851863 25862781 
1431148431304990228 1431148431279363204 25627024 
1431148431306221458 1431148431279718221 26503237 
1431148431306479641 1431148431280074031 26405610 
1431148431310433248 1431148431283861923 26571325 
1431148431310763316 1431148431284127437 26635879 
1431148431312458132 1431148431284416610 28041522 
1431148431312905264 1431148431289208076 23697188 
1431148431317854948 1431148431289458433 28396515
1431148431319223090 1431148431289733686 29489404 
1431148431319986505 1431148431290167650 29818855 
1431148431320565625 1431148431290437320 30128305 
1431148431325453625 1431148431290718179 34735446 
1431148431325843964 1431148431300237290 25606674 
1431148431327815323 1431148431300574527 27240796 
1431148431328303292 1431148431300880106 27423186 
1431148431332600506 1431148431301177992 31422514 
1431148431333572910 1431148431301430653 32142257 
1431148431334107230 1431148431301738084 32369146 
1431148431335134992 1431148431302025756 33109236 
1431148431339304342 1431148431302290506 37013836 
1431148431340695492 1431148431302567204 38128288 
1431148431341268021 1431148431302869651 38398370 
1431148431342344034 1431148431303155598 39188436 
1431148431345667025 1431148431307704292 37962733 
1431148431346512395 1431148431307998542 38513853 
1431148431347783871 1431148431308296129 39487742 
1431148431348116215 1431148431308548307 39567908 
1431148431352735467 1431148431308847432 43888035 
1431148431353112506 1431148431314650794 38461712 
1431148431354446383 1431148431315449760 38996623 
1431148431354669281 1431148431316005061 38664220 
1431148431357439664 1431148431317751900 39687764 
1431148431358555003 1431148431321755128 36799875 
1431148431360470740 1431148431321860487 38610253 
1431148431361102415 1431148431322105234 38997181 
1431148431366518670 1431148431323458607 43060063 
1431148431367581918 1431148431323746545 43835373 
1431148431368610423 1431148431324241473 44368950 
1431148431368999832 1431148431329523582 39476250 
1431148431374271435 1431148431329645923 44625512 
1431148431374658023 1431148431329937770 44720253 
1431148431375697225 1431148431330239599 45457626 
1431148431375979757 1431148431330542448 45437309 
1431148431380341871 1431148431330789155 49552716 
1431148431380733802 1431148431335452981 45280821 
1431148431381642333 1431148431335949499 45692834 
1431148431382145529 1431148431337123066 45022463 
1431148431385726832 1431148431337426896 48299936 
1431148431386654821 1431148431337706620 48948201 
1431148431388006206 1431148431337977027 50029179 
1431148431388309294 1431148431338244924 50064370 
1431148431393448836 1431148431338512888 54935948 
1431148431394375390 1431148431342654994 51720396
1431148431394938718 1431148431342917157 52021561 
1431148431395617524 1431148431343193385 52424139 
1431148431399896168 1431148431343502152 56394016 
1431148431401547304 1431148431343788392 57758912 
1431148431401952944 1431148431344911790 57041154 
1431148431406195301 1431148431349553303 56641998 
1431148431406567418 1431148431349819573 56747845 
1431148431407531902 1431148431350070096 57461806 
1431148431408347188 1431148431350366002 57981186 
1431148431411926919 1431148431350667623 61259296 
1431148431412323332 1431148431350938360 61384972 
1431148431413588709 1431148431351214434 62374275 
1431148431414377496 1431148431357315115 57062381 
1431148431419352355 1431148431357822442 61529913 
1431148431419838918 1431148431359656286 60182632 
1431148431421380577 1431148431360521493 60859084 
1431148431421706863 1431148431360795137 60911726 
1431148431423458899 1431148431360885520 62573379 
1431148431423812825 1431148431360928312 62884513 
1431148431425312504 1431148431362344853 62967651 
1431148431425693831 1431148431362782321 62911510 
1431148431427176037 1431148431362783042 64392995 
1431148431427527145 1431148431362788585 64738560 
1431148431428544930 1431148431362834719 65710211 
1431148431429404506 1431148431362875129 66529377 
1431148431429700881 1431148431362915342 66785539 
1431148431431707748 1431148431363427465 68280283 
1431148431431932886 1431148431363224556 68708330 
1431148431433384609 1431148431364446296 68938313 
1431148431433764829 1431148431364491364 69273465 
1431148431435498565 1431148431364533785 70964780 
1431148431435845997 1431148431364576101 71269896 
1431148431436765684 1431148431364614973 72150711 
1431148431438340770 1431148431364654456 73686314 
1431148431438825267 1431148431364693438 74131829 
1431148431439586472 1431148431364733421 74853051 
1431148431440184892 1431148431364774946 75409946 
1431148431441854966 1431148431364852282 77002684 
1431148431442090672 1431148431364814352 77276320 
1431148431443500766 1431148431365520154 77980612 
1431148431443837583 1431148431368908676 74928907 
1431148431445642117 1431148431369902752 75739365 
1431148431446139004 1431148431369903492 76235512 
1431148431447599632 1431148431369933931 77665701 
1431148431448028674 1431148431369979125 78049549 
1431148431449752511 1431148431370019842 79732669 
1431148431450600403 1431148431370059653 80540750
1431148431451170035 1431148431371178734 79991301 
1431148431452515667 1431148431371330044 81185623 
1431148431453516725 1431148431371371037 82145688 
1431148431454400758 1431148431371447445 82953313 
1431148431454926649 1431148431371713791 83212858 
1431148431456629909 1431148431371894129 84735780 
1431148431457122562 1431148431372187218 84935344 
1431148431458558773 1431148431372374481 86184292 
1431148431460078403 1431148431372650774 87427629 
1431148431460421337 1431148431377374906 83046431 
1431148431461103582 1431148431377629651 83473931 
1431148431462325563 1431148431377978177 84347386 
1431148431463602321 1431148431378139838 85462483 
1431148431463851883 1431148431378311818 85540065 
1431148431465372631 1431148431378425426 86947205 
1431148431465669914 1431148431378598864 87071050 
1431148431467396098 1431148431378763943 88632155 
1431148431467677099 1431148431383128107 84548992 
1431148431469254090 1431148431383394235 85859855 
1431148431469514186 1431148431383452835 86061351 
1431148431470817392 1431148431383496328 87321064 
1431148431471110237 1431148431383576394 87533843 
1431148431478100699 1431148431383987416 94113283 
1431148431487592349 1431148431384343562 103248787 
1431148431487873978 1431148431384397665 103476313 
1431148431489204380 1431148431388504401 100699979 
1431148431489628722 1431148431388505121 101123601 
1431148431490880963 1431148431388509319 102371644 
1431148431492854679 1431148431389463069 103391610 
1431148431494129485 1431148431389522385 104607100 
1431148431494837881 1431148431389794047 105043834 
1431148431495627129 1431148431389969818 105657311 
1431148431496458302 1431148431390426738 106031564 
1431148431496964434 1431148431390713678 106250756 
1431148431498608153 1431148431390900425 107707728 
1431148431499026247 1431148431391037900 107988347 
1431148431499767559 1431148431391223703 108543856 
1431148431500927796 1431148431391360700 109567096 
1431148431502361261 1431148431391654087 110707174 
1431148431502831898 1431148431396647597 106184301 
1431148431504640163 1431148431396716009 107924154 
1431148431505047727 1431148431396761087 108286640 
1431148431506290918 1431148431396804113 109486805 
1431148431507437636 1431148431396850105 110587531 
1431148431507877239 1431148431396858065 111019174 
1431148431509252225 1431148431396858785 112393440
1431148431509644710 1431148431396878259 112766451 
1431148431511167257 1431148431396922933 114244324 
1431148431511599002 1431148431396965884 114633118 
1431148431512472736 1431148431397007400 115465336 
1431148431513608833 1431148431397046401 116562432 
1431148431514499877 1431148431397085384 117414493 
1431148431515337596 1431148431397127001 118210595 
1431148431517023206 1431148431397167224 119855982 
1431148431517460506 1431148431397206438 120254068 
1431148431518447865 1431148431397246858 121201007 
1431148431519589493 1431148431397288437 122301056 
1431148431520549247 1431148431397329146 123220101 
1431148431520980207 1431148431398154720 122825487 
1431148431522202814 1431148431398250586 123952228 
1431148431522827529 1431148431398295385 124532144 
1431148431523785908 1431148431398337318 125448590 
1431148431524668017 1431148431398377627 126290390 
1431148431529859800 1431148431398418458 131441342 
1431148431530284645 1431148431398458848 131825797 
1431148431531555004 1431148431398575381 132979623 
1431148431535512344 1431148431398622424 136889920 
1431148431536073741 1431148431398664401 137409340 
1431148431537450348 1431148431398706408 138743940 
1431148431538553255 1431148431398746905 139806350 
1431148431539494313 1431148431398816622 140677691 
1431148431539915319 1431148431398938489 140976830 
1431148431541272694 1431148431399110956 142161738 
1431148431541992974 1431148431403577753 138415221 
1431148431542726531 1431148431403734312 138992219 
1431148431543667694 1431148431404024969 139642725 
1431148431544741168 1431148431404195654 140545514 
1431148431545714831 1431148431404434344 141280487 
1431148431546207952 1431148431404602144 141605808 
1431148431547750354 1431148431404771298 142979056 
1431148431548216422 1431148431404933454 143282968 
1431148431549495319 1431148431409634838 139860481 
1431148431550667101 1431148431410036349 140630752 
1431148431551079313 1431148431411050441 140028872 
1431148431552222018 1431148431411101710 141120308 
1431148431553403682 1431148431411219885 142183797 
1431148431554649767 1431148431411550966 143098801 
1431148431555037862 1431148431411747337 143290525 
1431148431556270170 1431148431416511539 139758631 
1431148431557147706 1431148431416848966 140298740 
1431148431557808262 1431148431417178074 140630188 
1431148431558726566 1431148431417364560 141362006
1431148431559666219 1431148431417546881 142119338 
1431148431560734936 1431148431417845467 142889469 
1431148431561131594 1431148431418019657 143111937 
1431148431562319253 1431148431418289173 144030080 
1431148431563554024 1431148431418382942 145171082 
1431148431563653548 1431148431418340313 145313235 
1431148431564697140 1431148431418422621 146274519 
1431148431565548071 1431148431418459171 147088900 
1431148432433706790 1431148432418650154 15056636 
1431148432435399092 1431148432419092675 16306417 
1431148432435653941 1431148432419359925 16294016 
1431148432439343373 1431148432420157886 19185487 
1431148432439712750 1431148432420392517 19320233 
1431148432441069118 1431148432420582059 20487059 
1431148432441380464 1431148432426482420 14898044 
1431148432444170277 1431148432427479105 16691172 
1431148432444503193 1431148432428689201 15813992 
1431148432445429933 1431148432431137480 14292453 
1431148432445844724 1431148432431354360 14490364 
1431148432449100774 1431148432432274645 16826129 
1431148432450054864 1431148432432322136 17732728 
1431148432450754009 1431148432432361108 18392901 
1431148432451568361 1431148432432469259 19099102 
1431148432457166492 1431148432432509492 24657000 
1431148432457620546 1431148432432546632 25073914 
1431148432458875787 1431148432432584336 26291451 
1431148432462673085 1431148432432622060 30051025 
1431148432463263096 1431148432432699466 30563630 
1431148432464591809 1431148432432882629 31709180 
1431148432465086966 1431148432432924160 32162806 
1431148432469363946 1431148432433076179 36287767 
1431148432469856710 1431148432433254767 36601943 
1431148432470990727 1431148432433459654 37531073 
1431148432472933937 1431148432433647452 39286485 
1431148432473628767 1431148432437391274 36237493 
1431148432474295310 1431148432437534845 36760465 
1431148432475474089 1431148432437736186 37737903 
1431148432479509758 1431148432437940333 41569425 
1431148432479889587 1431148432438113012 41776575 
1431148432481218455 1431148432438289143 42929312 
1431148432481488855 1431148432442587710 38901145 
1431148432482904273 1431148432442652327 40251946 
1431148432483323510 1431148432442696056 40627454 
1431148432485021148 1431148432442735378 42285770 
1431148432485461122 1431148432442775748 42685374 
1431148432489544460 1431148432442808374 46736086
1431148432489913576 1431148432442809019 47104557 
1431148432491480200 1431148432442809739 48670461 
1431148432496569215 1431148432442834840 53734375 
1431148432497197517 1431148432442876344 54321173 
1431148432498648664 1431148432442916412 55732252 
1431148432499229685 1431148432442955479 56274206 
1431148432501076148 1431148432442993696 58082452 
1431148432501569835 1431148432443031815 58538020 
1431148432502534476 1431148432443070626 59463850 
1431148432504280595 1431148432443108977 61171618 
1431148432504604646 1431148432443148686 61455960 
1431148432505463018 1431148432443188816 62274202 
1431148432505868581 1431148432443228855 62639726 
1431148432507697980 1431148432446875236 60822744 
1431148432507986455 1431148432446936983 61049472 
1431148432509323379 1431148432446979100 62344279 
1431148432509663419 1431148432447094778 62568641 
1431148432510913484 1431148432447142697 63770787 
1431148432512258030 1431148432447181445 65076585 
1431148432512885012 1431148432447221470 65663542 
1431148432514369189 1431148432447260752 67108437 
1431148432514989221 1431148432447308162 67681059 
1431148432516128971 1431148432447958912 68170059 
1431148432517464251 1431148432448140125 69324126 
1431148432518557839 1431148432448191986 70365853 
1431148432519424038 1431148432448316806 71107232 
1431148432519876589 1431148432448424270 71452319 
1431148432521600268 1431148432448467721 73132547 
1431148432521792933 1431148432448506679 73286254 
1431148432523392767 1431148432448732213 74660554 
1431148432523754852 1431148432452446192 71308660 
1431148432525518869 1431148432452558143 72960726 
1431148432525739868 1431148432452600528 73139340 
1431148432526823518 1431148432452640705 74182813 
1431148432527166106 1431148432452656243 74509863 
1431148432528740638 1431148432452656888 76083750 
1431148432529069639 1431148432452657609 76412030 
1431148432530546459 1431148432452689671 77856788 
1431148432530870688 1431148432452731574 78139114 
1431148432532208886 1431148432452770083 79438803 
1431148432533513391 1431148432452808040 80705351 
1431148432534059326 1431148432452846262 81213064 
1431148432534729794 1431148432452886247 81843547 
1431148432536399115 1431148432452923965 83475150 
1431148432536724847 1431148432452990423 83734424 
1431148432538130180 1431148432453045319 85084861
1431148432539127354 1431148432453100055 86027299 
1431148432539635069 1431148432453139472 86495597 
1431148432540487885 1431148432454246856 86241029 
1431148432541511108 1431148432454432222 87078886 
1431148432542115829 1431148432454704929 87410900 
1431148432543432298 1431148432454882314 88549984 
1431148432543869454 1431148432454932579 88936875 
1431148432545565200 1431148432455079234 90485966 
1431148432545848064 1431148432455252652 90595412 
1431148432547360723 1431148432455394011 91966712 
1431148432547675825 1431148432455597143 92078682 
1431148432549388197 1431148432460557851 88830346 
1431148432549719705 1431148432460773130 88946575 
1431148432550719653 1431148432461042537 89677116 
1431148432551155988 1431148432461219986 89936002 
1431148432553270482 1431148432461500809 91769673 
1431148432553590173 1431148432462385712 91204461 
1431148432554944005 1431148432462431474 92512531 
1431148432555348202 1431148432462470943 92877259 
1431148432556442131 1431148432462511077 93931054 
1431148432557086167 1431148432462550719 94535448 
1431148432558344316 1431148432462591395 95752921 
1431148432558974261 1431148432466507058 92467203 
1431148432560324118 1431148432466583655 93740463 
1431148432560620191 1431148432466635646 93984545 
1431148432562066472 1431148432466674617 95391855 
1431148432562599221 1431148432466680273 95918948 
1431148432563684238 1431148432466685079 96999159 
1431148432564093013 1431148432467416385 96676628 
1431148432565620136 1431148432467459789 98160347 
1431148432565950599 1431148432467498542 98452057 
1431148432567399836 1431148432467536111 99863725 
1431148432567714388 1431148432467574892 100139496 
1431148432569373829 1431148432467614564 101759265 
1431148432569683616 1431148432467652878 102030738 
1431148432570820128 1431148432467691378 103128750 
1431148432571177347 1431148432467730907 103446440 
1431148432573020375 1431148432467769941 105250434 
1431148432573383535 1431148432467801823 105581712 
1431148432574608472 1431148432467802563 106805909 
1431148432575262000 1431148432467977261 107284739 
1431148432576833931 1431148432468116477 108717454 
1431148432577171569 1431148432468289111 108882458 
1431148432578531921 1431148432472454438 106077483 
1431148432578841199 1431148432472563729 106277470 
1431148432580502879 1431148432472640119 107862760
1431148432580717156 1431148432472679742 108037414 
1431148432581849319 1431148432472718346 109130973 
1431148432582150170 1431148432472757074 109393096 
1431148432583839171 1431148432472795486 111043685 
1431148432584149643 1431148432472833962 111315681 
1431148432585341242 1431148432472873908 112467334 
1431148432585757686 1431148432476571872 109185814 
1431148432587425666 1431148432476634497 110791169 
1431148432587792412 1431148432476680288 111112124 
1431148432588845657 1431148432476722768 112122889 
1431148432589199565 1431148432476763570 112435995 
1431148432590613123 1431148432476804526 113808597 
1431148432591056269 1431148432477211271 113844998 
1431148432592547106 1431148432477442757 115104349 
1431148432592849685 1431148432477585665 115264020 
1431148432594451271 1431148432477751400 116699871 
1431148432594790809 1431148432478173200 116617609 
1431148432595890240 1431148432478340472 117549768 
1431148432596284799 1431148432478419424 117865375 
1431148432597990093 1431148432478472277 119517816 
1431148432598765965 1431148432478512889 120253076 
1431148432599644393 1431148432478552138 121092255 
1431148432600650918 1431148432478590799 122060119 
1431148432601572471 1431148432478630164 122942307 
1431148432601940595 1431148432478669329 123271266 
1431148432603391745 1431148432478708189 124683556 
1431148432604436190 1431148432478748947 125687243 
1431148432604885873 1431148432478787838 126098035 
1431148432606020948 1431148432478826951 127193997 
1431148432607353039 1431148432487486879 119866160 
1431148432607677839 1431148432488701170 118976669 
1431148432609015849 1431148432489012695 120003154 
1431148432609424837 1431148432491531611 117893226 
1431148432610770643 1431148432491769661 119000982 
1431148432610940488 1431148432492079599 118860889 
1431148432612356576 1431148432492587023 119769553 
1431148432612694825 1431148432493983807 118711018 
1431148432614408015 1431148432494260771 120147244 
1431148432614631940 1431148432494623549 120008391 
1431148432614915821 1431148432494894197 120021624 
1431148432616355243 1431148432495048826 121306417 
1431148432618050664 1431148432495217029 122833635 
1431148432618442638 1431148432495569665 122872973 
1431148432618621698 1431148432495618407 123003291 
1431148433513071264 1431148433498662783 14408481