1428887123610395595 1428887123608229404 2166191 5.80
1428887123780964480 1428887123780714168 250312 5.83
1428887123944891978 1428887123943328255 1563723 5.92
1428887124105239828 1428887124104897430 342398 5.99
1428887124271978693 1428887124266518289 5460404 5.99
1428887124440582332 1428887124440376123 206209 5.98
1428887124606326843 1428887124603922553 2404290 5.99
1428887124768903886 1428887124765007773 3896113 6.01
1428887124931590123 1428887124929744096 1846027 6.03
1428887125097216617 1428887125096738928 477689 6.03
1428887125257520875 1428887125257452785 68090 6.05
1428887125419686710 1428887125418804957 881753 6.06
1428887125580671986 1428887125579819522 852464 6.07
1428887125742314684 1428887125740457502 1857182 6.08
1428887125902286926 1428887125900676816 1610110 6.09
1428887126061288330 1428887126060808530 479800 6.10
1428887126224658142 1428887126221146402 3511740 6.10
1428887126383948187 1428887126381885592 2062595 6.11
1428887126543484919 1428887126543072534 412385 6.12
1428887126707398040 1428887126703569663 3828377 6.12
1428887126866112577 1428887126865589204 523373 6.13
1428887127027123886 1428887127025799008 1324878 6.13
1428887127187771134 1428887127187330178 440956 6.13
1428887127347740934 1428887127347489207 251727 6.14
1428887127508491235 1428887127507932150 559085 6.14
1428887127669709833 1428887127668802691 907142 6.14
1428887127830287815 1428887127829829344 458471 6.15
1428887127993382450 1428887127993221615 160835 6.15
1428887128160455270 1428887128158511714 1943556 6.14
1428887128322749856 1428887128321929306 820550 6.14
1428887128486823137 1428887128483463050 3360087 6.14
1428887128644188509 1428887128643598069 590440 6.15
1428887128804934997 1428887128803802372 1132625 6.15
1428887128965906041 1428887128964746890 1159151 6.15
1428887129126293857 1428887129126045624 248233 6.15
1428887129286664752 1428887129286420165 244587 6.16
1428887129457440465 1428887129457149169 291296 6.15
1428887129618644382 1428887129617964077 680305 6.15
1428887129778592549 1428887129778193035 399514 6.15
1428887129940449500 1428887129939878946 570554 6.15
1428887130100812427 1428887130100377963 434464 6.15
1428887130264455918 1428887130260724005 3731913 6.15
1428887130422947462 1428887130421126905 1820557 6.16
1428887130581970088 1428887130581344252 625836 6.16
1428887130746042066 1428887130742971885 3070181 6.16
1428887130903881514 1428887130903335329 546185 6.16
1428887131065234762 1428887131064650558 584204 6.16
1428887131226059547 1428887131225525320 534227 6.16
1428887131388916807 1428887131387184323 1732484 6.16
1428887131550987941 1428887131549487298 1500643 6.16
1428887131710265159 1428887131709757074 508085 6.17
1428887131873674081 1428887131870482492 3191589 6.16
1428887132033670944 1428887132031139598 2531346 6.17
1428887132197235231 1428887132193375379 3859852 6.16
1428887132357110714 1428887132355159213 1951501 6.17
1428887132516012276 1428887132515398226 614050 6.17
1428887132676416066 1428887132675645496 770570 6.17
1428887132836605587 1428887132835968825 636762 6.17
1428887132996475772 1428887132996177917 297855 6.17
1428887133157031471 1428887133156663396 368075 6.17
1428887133318362442 1428887133317960555 401887 6.17
1428887133478892811 1428887133478491244 401567 6.17
1428887133639477250 1428887133639179491 297759 6.18
1428887133800078025 1428887133799680312 397713 6.18
1428887133961447755 1428887133961156690 291065 6.18
1428887134122029587 1428887134121694082 335505 6.18
1428887134282735029 1428887134282297995 437034 6.18
1428887134444697632 1428887134443925884 771748 6.18
1428887134606391876 1428887134605313979 1077897 6.18
1428887134768259280 1428887134765708397 2550883 6.18
1428887134927208708 1428887134926054329 1154379 6.18
1428887135087893788 1428887135087455925 437863 6.18
1428887135251125189 1428887135249425283 1699906 6.18
1428887135411893132 1428887135409818884 2074248 6.18
1428887135570513239 1428887135570363003 150236 6.18
1428887135731408661 1428887135730703665 704996 6.18
1428887135891762058 1428887135890963503 798555 6.18
1428887136053007098 1428887136051213908 1793190 6.18
1428887136213342801 1428887136212607120 735681 6.18
1428887136374308930 1428887136373656004 652926 6.18
1428887136534519847 1428887136533999847 520000 6.18
1428887136696535229 1428887136694466317 2068912 6.18
1428887136855523355 1428887136854748383 774972 6.19
1428887137015734594 1428887137014953919 780675 6.19
1428887137176731702 1428887137175149524 1582178 6.19
1428887137337171014 1428887137335423563 1747451 6.19
1428887137499810828 1428887137499237159 573669 6.19
1428887137660929395 1428887137659573911 1355484 6.19
1428887137820445977 1428887137819950964 495013 6.19
1428887137982051266 1428887137981555373 495893 6.19
1428887138143933618 1428887138142423639 1509979 6.19
1428887138304576444 1428887138304189666 386778 6.19
1428887138465542702 1428887138464744036 798666 6.19
1428887138628467983 1428887138625202002 3265981 6.19
1428887138790944900 1428887138786694323 4250577 6.19
1428887138949006158 1428887138947667120 1339038 6.19
1428887139111106988 1428887139109459607 1647381 6.19
1428887139272958612 1428887139271715963 1242649 6.19
1428887139433481909 1428887139433061489 420420 6.19
1428887139594071314 1428887139593656966 414348 6.19
1428887139754012402 1428887139753736005 276397 6.19
1428887139914374704 1428887139914144940 229764 6.19
1428887140075224147 1428887140074840409 383738 6.19
1428887140235435749 1428887140234993227 442522 6.19
1428887140396011377 1428887140395174633 836744 6.19
1428887140556020092 1428887140555319854 700238 6.19
1428887140716425709 1428887140715493504 932205 6.19
1428887140876684403 1428887140875694477 989926 6.19
1428887141036220927 1428887141035862085 358842 6.19
1428887141199585212 1428887141199025630 559582 6.19
1428887141361019857 1428887141359837053 1182804 6.19
1428887141523451445 1428887141521518685 1932760 6.19
1428887141683281370 1428887141682905998 375372 6.19
1428887141850166229 1428887141844914338 5251891 6.19
1428887142005616135 1428887142005134134 482001 6.19
1428887142167240976 1428887142166977346 263630 6.19
1428887142329764929 1428887142328101304 1663625 6.19
1428887142489657679 1428887142488876432 781247 6.19
1428887142652151976 1428887142650222098 1929878 6.19
1428887142811027175 1428887142810598386 428789 6.19
1428887142974816402 1428887142972176556 2639846 6.19
1428887143136842279 1428887143133279202 3563077 6.19
1428887143294949811 1428887143294409877 539934 6.19
1428887143455120606 1428887143454612803 507803 6.19
1428887143615550917 1428887143614757193 793724 6.19
1428887143775989871 1428887143774948403 1041468 6.20
1428887143937156993 1428887143936870267 286726 6.20
1428887144097824571 1428887144097291365 533206 6.20
1428887144257707112 1428887144257451596 255516 6.20
1428887144421324149 1428887144418306763 3017386 6.20
1428887144579644129 1428887144579178156 465973 6.20
1428887144742783004 1428887144740408985 2374019 6.20
1428887144901616166 1428887144901184443 431723 6.20
1428887145061662623 1428887145061323686 338937 6.20
1428887145223788952 1428887145221926172 1862780 6.20
1428887145382978076 1428887145382163137 814939 6.20
1428887145542856091 1428887145542338161 517930 6.20
1428887145704866175 1428887145702995059 1871116 6.20
1428887145863628812 1428887145863203313 425499 6.20
1428887146023813452 1428887146023636379 177073 6.20
1428887146185390374 1428887146185096331 294043 6.20
1428887146347902001 1428887146346130726 1771275 6.20
1428887146507114740 1428887146506339095 775645 6.20
1428887146670109766 1428887146667926196 2183570 6.20
1428887146829396885 1428887146828449486 947399 6.20
1428887146989006226 1428887146988600431 405795 6.20
1428887147149262442 1428887147148903220 359222 6.20
1428887147309642829 1428887147309185956 456873 6.20
1428887147471310784 1428887147470109899 1200885 6.20
1428887147636765567 1428887147632597292 4168275 6.20
1428887147798341689 1428887147797691722 649967 6.20
1428887147973227225 1428887147959357210 13870015 6.20
1428887148119934545 1428887148119723496 211049 6.20
1428887148285377992 1428887148285202185 175807 6.20
1428887148448447376 1428887148446062311 2385065 6.20
1428887148609549081 1428887148607394291 2154790 6.20
1428887148774618794 1428887148768265186 6353608 6.20
1428887148933070782 1428887148930146962 2923820 6.20
1428887149090959313 1428887149090385380 573933 6.20
1428887149257030193 1428887149251875581 5154612 6.20
1428887149413708089 1428887149413485785 222304 6.20
1428887149574476055 1428887149573913389 562666 6.20
1428887149736105591 1428887149734765275 1340316 6.20
1428887149897790895 1428887149896528494 1262401 6.20
1428887150059309951 1428887150058911886 398065 6.20
1428887150219612820 1428887150219385729 227091 6.20
1428887150382010261 1428887150380739792 1270469 6.20
1428887150541432803 1428887150541030644 402159 6.20
1428887150701669865 1428887150701181816 488049 6.20
1428887150861752622 1428887150861337476 415146 6.20
1428887151022573155 1428887151022297796 275359 6.20
1428887151185282989 1428887151182858432 2424557 6.20
1428887151344912285 1428887151344497299 414986 6.20
1428887151505973871 1428887151504655259 1318612 6.20
1428887151668376877 1428887151664953905 3422972 6.20
1428887151825714560 1428887151825099677 614883 6.20
1428887151986321199 1428887151985283729 1037470 6.20
1428887152152473924 1428887152146302298 6171626 6.20
1428887152306760649 1428887152306547864 212785 6.20
1428887152468009366 1428887152466989199 1020167 6.20
1428887152631487751 1428887152629451095 2036656 6.20
1428887152795537132 1428887152793105504 2431628 6.20
1428887152954750116 1428887152954532431 217685 6.20
1428887153120984282 1428887153118455920 2528362 6.20
1428887153283191246 1428887153282711448 479798 6.20
1428887153445884351 1428887153443506353 2377998 6.20
1428887153605127241 1428887153604069410 1057831 6.20
1428887153766522538 1428887153764523610 1998928 6.20
1428887153930063666 1428887153928951874 1111792 6.20
1428887154092074360 1428887154090429953 1644407 6.20
1428887154254869959 1428887154252610392 2259567 6.20
1428887154415965736 1428887154414207238 1758498 6.20
1428887154575114325 1428887154574691403 422922 6.20
1428887154737307123 1428887154735291200 2015923 6.20
1428887154895923889 1428887154895422641 501248 6.20
1428887155060716246 1428887155056338110 4378136 6.20
1428887155217242082 1428887155216592043 650039 6.20
1428887155378362828 1428887155376782564 1580264 6.20
1428887155538731398 1428887155536981877 1749521 6.20
1428887155697691109 1428887155697172356 518753 6.20
1428887155857703893 1428887155857342798 361095 6.20
1428887156018714189 1428887156018289354 424835 6.20
1428887156181187016 1428887156178851075 2335941 6.20
1428887156342650057 1428887156340266850 2383207 6.20
1428887156504835954 1428887156500891171 3944783 6.20
1428887156662999108 1428887156661086457 1912651 6.20
1428887156821738591 1428887156821458102 280489 6.20
1428887156983900219 1428887156982201104 1699115 6.20
1428887157149080101 1428887157143237787 5842314 6.20
1428887157309036546 1428887157303627257 5409289 6.20
1428887157465742828 1428887157463912397 1830431 6.20
1428887157625318053 1428887157624161399 1156654 6.20
1428887157786386086 1428887157785756788 629298 6.20
1428887157947144629 1428887157946066272 1078357 6.20
1428887158106716064 1428887158106619177 96887 6.20
1428887158268799231 1428887158268590946 208285 6.20
1428887158430964905 1428887158430049853 915052 6.20
1428887158590651713 1428887158590262171 389542 6.20
1428887158751231738 1428887158750877285 354453 6.20
1428887158918650953 1428887158917866600 784353 6.20
1428887159079259120 1428887159078922436 336684 6.20
1428887159243109038 1428887159241667167 1441871 6.20
1428887159409206688 1428887159404380524 4826164 6.20
1428887159565631284 1428887159565167237 464047 6.20
1428887159732558837 1428887159727118547 5440290 6.20
1428887159889429445 1428887159889138481 290964 6.20
1428887160050413846 1428887160049886875 526971 6.20
1428887160211638277 1428887160210786080 852197 6.20
1428887160371520252 1428887160370982926 537326 6.20
1428887160537016833 1428887160531605072 5411761 6.20
1428887160692136326 1428887160691836992 299334 6.20
1428887160852502912 1428887160852274992 227920 6.20
1428887161017588681 1428887161015504790 2083891 6.20
1428887161180677834 1428887161178393057 2284777 6.20
1428887161340585610 1428887161338659296 1926314 6.20
1428887161501979198 1428887161500091255 1887943 6.20
1428887161664821869 1428887161660886300 3935569 6.20
1428887161823622544 1428887161823127836 494708 6.20
1428887161990433193 1428887161988681309 1751884 6.20
1428887162153742938 1428887162149258178 4484760 6.20
1428887162314454431 1428887162309700124 4754307 6.20
1428887162471595630 1428887162469899923 1695707 6.20
1428887162635011339 1428887162633365658 1645681 6.20
1428887162795151678 1428887162794071290 1080388 6.20
1428887162955489659 1428887162955117480 372179 6.20
1428887163116717827 1428887163115241161 1476666 6.20
1428887163275998325 1428887163275388063 610262 6.20
1428887163440170978 1428887163436163756 4007222 6.20
1428887163597573828 1428887163596996895 576933 6.20
1428887163760002634 1428887163757264737 2737897 6.20
1428887163921134856 1428887163917866656 3268200 6.20
1428887164087000458 1428887164078493466 8506992 6.20
1428887164242646542 1428887164238878496 3768046 6.20
1428887164406507661 1428887164399497122 7010539 6.20
1428887164563506836 1428887164561581660 1925176 6.20
1428887164726428126 1428887164725254682 1173444 6.20
1428887164890523952 1428887164889146602 1377350 6.20
1428887165051475914 1428887165051247535 228379 6.20
1428887165211943421 1428887165211634024 309397 6.20
1428887165373278847 1428887165372890496 388351 6.20
1428887165535877466 1428887165534194743 1682723 6.20
1428887165694897063 1428887165694385350 511713 6.20
1428887165855010416 1428887165854581706 428710 6.20
1428887166020944372 1428887166019341780 1602592 6.20
1428887166186588815 1428887166184037888 2550927 6.20
1428887166344907667 1428887166344278155 629512 6.20
1428887166505067848 1428887166504453524 614324 6.20
1428887166668726091 1428887166666570159 2155932 6.20
1428887166827168412 1428887166827099404 69008 6.20
1428887166987861282 1428887166987484901 376381 6.20
1428887167149357082 1428887167148857260 499822 6.20
1428887167309657665 1428887167308995295 662370 6.20
1428887167469886820 1428887167469177657 709163 6.20
1428887167630061869 1428887167629373520 688349 6.20
1428887167790180795 1428887167789607993 572802 6.20
1428887167952207103 1428887167951038899 1168204 6.20
1428887168111954556 1428887168111289589 664967 6.20
1428887168271913953 1428887168271490716 423237 6.20
1428887168433849134 1428887168432597118 1252016 6.20
1428887168595423909 1428887168593720393 1703516 6.20
1428887168756370980 1428887168754444985 1925995 6.20
1428887168916602109 1428887168916255224 346885 6.20
1428887169078329759 1428887169077592547 737212 6.20
1428887169241088469 1428887169240312539 775930 6.20
1428887169402537255 1428887169401118033 1419222 6.20
1428887169563300009 1428887169562881120 418889 6.20
1428887169724393742 1428887169723446507 947235 6.20
1428887169889493768 1428887169884489953 5003815 6.20
1428887170045152279 1428887170044748589 403690 6.20
1428887170206314912 1428887170205216665 1098247 6.20
1428887170367995290 1428887170366152162 1843128 6.20
1428887170528079940 1428887170526388252 1691688 6.20
1428887170687559117 1428887170686640428 918689 6.20
1428887170847695117 1428887170846932155 762962 6.20
1428887171008724572 1428887171007214043 1510529 6.20
1428887171169736015 1428887171169602723 133292 6.20
1428887171331068371 1428887171329903017 1165354 6.20
1428887171493214730 1428887171490199080 3015650 6.20
1428887171655948599 1428887171650655956 5292643 6.20
1428887171811223869 1428887171811039539 184330 6.20
1428887171975796064 1428887171975121783 674281 6.20
1428887172141092611 1428887172138209997 2882614 6.20
1428887172306770648 1428887172298823135 7947513 6.20
1428887172464294321 1428887172462607419 1686902 6.20
1428887172623970376 1428887172623707774 262602 6.20
1428887172789797065 1428887172787891308 1905757 6.20
1428887172950371651 1428887172950001155 370496 6.20
1428887173112219665 1428887173110815362 1404303 6.20
1428887173280379942 1428887173274820043 5559899 6.20
1428887173437430009 1428887173436749947 680062 6.20
1428887173597787707 1428887173597381153 406554 6.20
1428887173760966051 1428887173758472607 2493444 6.20
1428887173918983397 1428887173918757346 226051 6.20
1428887174088340286 1428887174086485178 1855108 6.20
1428887174253012060 1428887174249372089 3639971 6.20
1428887174411233588 1428887174409647363 1586225 6.20
1428887174571424496 1428887174569826215 1598281 6.20
1428887174733719075 1428887174730110837 3608238 6.20
1428887174891760830 1428887174890384666 1376164 6.20
1428887175051654784 1428887175051398798 255986 6.20
1428887175214067257 1428887175212120296 1946961 6.20
1428887175373112388 1428887175372397044 715344 6.20
1428887175533397160 1428887175532639404 757756 6.20
1428887175696805904 1428887175692936398 3869506 6.20
1428887175854623872 1428887175853691664 932208 6.20
1428887176017076670 1428887176016779023 297647 6.20
1428887176181174863 1428887176178029897 3144966 6.20
1428887176340003030 1428887176338256896 1746134 6.20
1428887176504982396 1428887176498533926 6448470 6.20
1428887176661315757 1428887176658848851 2466906 6.20
1428887176821360050 1428887176819269826 2090224 6.20
1428887176984971878 1428887176979555013 5416865 6.20
1428887177144259648 1428887177140901107 3358541 6.20
1428887177304719209 1428887177304232943 486266 6.20
1428887177468561934 1428887177466600403 1961531 6.20
1428887177628745718 1428887177628233102 512616 6.20
1428887177790991169 1428887177788675586 2315583 6.20
1428887177954669411 1428887177953066419 1602992 6.20
1428887178115843803 1428887178115087906 755897 6.20
1428887178277956862 1428887178277311057 645805 6.20
1428887178440740683 1428887178438658900 2081783 6.20
1428887178599508220 1428887178598918772 589448 6.20
1428887178761375943 1428887178761019401 356542 6.20
1428887178921425268 1428887178921150435 274833 6.20
1428887179085782662 1428887179082907244 2875418 6.20
1428887179243972779 1428887179243701079 271700 6.20
1428887179406626977 1428887179404162304 2464673 6.20
1428887179567212645 1428887179565513291 1699354 6.20
1428887179726742215 1428887179725976198 766017 6.20
1428887179890291205 1428887179887748600 2542605 6.20
1428887180049286511 1428887180048640138 646373 6.20
1428887180209711693 1428887180209001504 710189 6.20
1428887180369738234 1428887180369194912 543322 6.20
1428887180529942019 1428887180529344543 597476 6.20
1428887180690915397 1428887180689556544 1358853 6.20
1428887180851206543 1428887180849789940 1416603 6.20
1428887181012827647 1428887181010079806 2747841 6.20
1428887181174357338 1428887181173184493 1172845 6.20
1428887181335292216 1428887181334669117 623099 6.20
1428887181497633227 1428887181495656953 1976274 6.20
1428887181657033492 1428887181656015446 1018046 6.20
1428887181816660916 1428887181816194335 466581 6.20
1428887181976619509 1428887181976335757 283752 6.20
1428887182137099741 1428887182136890283 209458 6.20
1428887182298806556 1428887182298274902 531654 6.20
1428887182460981925 1428887182458863937 2117988 6.20
1428887182621390361 1428887182619664348 1726013 6.20
1428887182786955070 1428887182781394709 5560361 6.20
1428887182952960287 1428887182947140883 5819404 6.20
1428887183110083578 1428887183109652596 430982 6.20
1428887183277023144 1428887183271301600 5721544 6.20
1428887183434552160 1428887183433880636 671524 6.20
1428887183596444743 1428887183594726512 1718231 6.20
1428887183758372494 1428887183755908631 2463863 6.20
1428887183922287193 1428887183919441160 2846033 6.20
1428887184083014567 1428887184082659880 354687 6.20
1428887184244004110 1428887184243564063 440047 6.20
1428887184404469193 1428887184403860169 609024 6.20
1428887184571732974 1428887184565815510 5917464 6.20
1428887184728345311 1428887184726104514 2240797 6.20
1428887184886833013 1428887184886332071 500942 6.20
1428887185048345726 1428887185046572080 1773646 6.20
1428887185208950891 1428887185207233622 1717269 6.20
1428887185367810519 1428887185367487853 322666 6.20
1428887185533339313 1428887185529069110 4270203 6.20
1428887185690101213 1428887185689221386 879827 6.20
1428887185851783934 1428887185851267602 516332 6.20
1428887186015774492 1428887186015162115 612377 6.20
1428887186177438332 1428887186176796232 642100 6.20
1428887186337856226 1428887186337347430 508796 6.20
1428887186498870998 1428887186497986192 884806 6.20
1428887186662543384 1428887186658431850 4111534 6.20
1428887186819004097 1428887186818602332 401765 6.20
1428887186979360806 1428887186978971738 389068 6.20
1428887187148317264 1428887187141906494 6410770 6.20
1428887187309970530 1428887187302921973 7048557 6.20
1428887187463343898 1428887187463117555 226343 6.20
1428887187625422151 1428887187623498328 1923823 6.20
1428887187789208985 1428887187787262975 1946010 6.20
1428887187948641521 1428887187947546507 1095014 6.20
1428887188108742966 1428887188108142579 600387 6.20
1428887188274707068 1428887188270283758 4423310 6.20
1428887188433225033 1428887188432807666 417367 6.20
1428887188595783197 1428887188592990436 2792761 6.20
1428887188758730986 1428887188754396060 4334926 6.20
1428887188917854382 1428887188916272261 1582121 6.20
1428887189080303997 1428887189077079683 3224314 6.20
1428887189242349764 1428887189241753051 596713 6.20
1428887189404350432 1428887189402039340 2311092 6.20
