1428890312227782016 1428890312227561425 220591 30.68
1428890312258801882 1428890312258415427 386455 31.44
1428890312287552505 1428890312285844231 1708274 32.48
1428890312327137920 1428890312326951667 186253 30.32
1428890312354406624 1428890312354194499 212125 31.40
1428890312385093895 1428890312384892593 201302 31.60
1428890312419122756 1428890312417379468 1743288 31.26
1428890312455461327 1428890312453645979 1815348 30.74
1428890312483688375 1428890312482648952 1039423 31.20
1428890312518748472 1428890312517622945 1125527 30.91
1428890312551268704 1428890312549545383 1723321 30.89
1428890312586170403 1428890312583319690 2850713 30.69
1428890312615572521 1428890312613335698 2236823 30.92
1428890312643115278 1428890312642645334 469944 31.26
1428890312672314501 1428890312670116389 2198112 31.44
1428890312700411929 1428890312699376450 1035479 31.67
1428890312727761175 1428890312727348710 412465 31.92
1428890312756498941 1428890312755607652 891289 32.07
1428890312783785889 1428890312783400641 385248 32.28
1428890312810896838 1428890312810626807 270031 32.48
1428890312838034539 1428890312837726933 307606 32.67
1428890312866503218 1428890312865013536 1489682 32.77
1428890312896073333 1428890312893984138 2089195 32.82
1428890312923528253 1428890312923068460 459793 32.95
1428890312951898487 1428890312951170406 728081 33.04
1428890312980849013 1428890312978979580 1869433 33.09
1428890313008046021 1428890313007788878 257143 33.22
1428890313035463086 1428890313035000179 462907 33.32
1428890313063230463 1428890313062362264 868199 33.41
1428890313090577416 1428890313090158990 418426 33.51
1428890313118618460 1428890313118198299 420161 33.57
1428890313145847317 1428890313145466992 380325 33.66
1428890313173645096 1428890313172753309 891787 33.73
1428890313202094827 1428890313201684110 410717 33.77
1428890313231084675 1428890313229084141 2000534 33.79
1428890313260717434 1428890313260253370 464064 33.79
1428890313288419893 1428890313287774770 645123 33.84
1428890313315775652 1428890313315254361 521291 33.91
1428890313342566219 1428890313342361670 204549 33.99
1428890313370113276 1428890313369777980 335296 34.04
1428890313397304316 1428890313396872052 432264 34.11
1428890313424084449 1428890313423849377 235072 34.18
1428890313453049395 1428890313452628061 421334 34.19
1428890313481138502 1428890313480774405 364097 34.22
1428890313973093002 1428890313972746705 346297 25.87
1428890314004376555 1428890314002597147 1779408 25.98
1428890314034745670 1428890314032467525 2278145 26.09
1428890314064314957 1428890314062594549 1720408 26.22
1428890314092131142 1428890314091212551 918591 26.36
1428890314119501443 1428890314119040030 461413 26.50
1428890314146782317 1428890314146425135 357182 26.64
1428890314173869010 1428890314173615095 253915 26.79
1428890314201280024 1428890314201036312 243712 26.92
1428890314228387413 1428890314228138273 249140 27.05
1428890314255769042 1428890314255512682 256360 27.18
1428890314284910837 1428890314284659063 251774 27.28
1428890314313361704 1428890314312909323 452381 27.38
1428890314343140978 1428890314341569792 1571186 27.47
1428890314369663205 1428890314368931572 731633 27.59
1428890314396510061 1428890314396081115 428946 27.71
1428890314424327107 1428890314423726070 601037 27.81
1428890314452189564 1428890314451584804 604760 27.91
1428890314479063347 1428890314478635797 427550 28.02
1428890314505782144 1428890314505537829 244315 28.13
1428890314534847541 1428890314532330801 2516740 28.21
1428890314559730516 1428890314559144188 586328 28.34
1428890314586605809 1428890314585914461 691348 28.44
1428890314859054434 1428890314858909500 144934 26.28
1428890314888986489 1428890314887520350 1466139 26.36
1428890314916870867 1428890314916507003 363864 26.45
1428890314946002926 1428890314945579150 423776 26.54
1428890314976614571 1428890314976130497 484074 26.61
1428890315005817838 1428890315005345105 472733 26.68
1428890315036095216 1428890315035278420 816796 26.75
1428890315064529533 1428890315063728158 801375 26.84
1428890315093121443 1428890315092054031 1067412 26.92
1428890315122099312 1428890315121105717 993595 26.99
1428890315153100827 1428890315150948440 2152387 27.05
1428890315181549982 1428890315180774190 775792 27.12
1428890315209803126 1428890315208842734 960392 27.20
1428890315238067264 1428890315237773340 293924 27.28
1428890315265199045 1428890315264904014 295031 27.36
1428890315292699801 1428890315292093635 606166 27.44
1428890315321403532 1428890315320050613 1352919 27.51
1428890315348767598 1428890315348312041 455557 27.59
1428890315378086573 1428890315376577472 1509101 27.65
1428890315406018788 1428890315405153984 864804 27.72
1428890315434070665 1428890315433642388 428277 27.79
1428890315462156117 1428890315461667021 489096 27.85
1428890315491505997 1428890315489276192 2229805 27.91
1428890316184537240 1428890316182402195 2135045 23.56
1428890316211886830 1428890316211552165 334665 23.65
1428890316245082191 1428890316243019641 2062550 23.70
1428890316271930515 1428890316269880334 2050181 23.79
1428890316297948961 1428890316296769407 1179554 23.89
1428890316326965192 1428890316324387046 2578146 23.96
1428890316352013663 1428890316351684478 329185 24.06
1428890316381687416 1428890316379501536 2185880 24.13
1428890316409250515 1428890316407206841 2043674 24.20
1428890316438510499 1428890316437395558 1114941 24.27
1428890316469005532 1428890316466586655 2418877 24.33
1428890316501678109 1428890316501409862 268247 24.38
1428890316528929785 1428890316528563959 365826 24.46
1428890316559193333 1428890316556719899 2473434 24.52
1428890316588929585 1428890316586420864 2508721 24.58
1428890316618398126 1428890316615935007 2463119 24.64
1428890316643224247 1428890316642821087 403160 24.73
1428890316671893220 1428890316669854302 2038918 24.80
1428890316701913001 1428890316699987777 1925224 24.85
1428890316729373221 1428890316727115744 2257477 24.92
1428890316755466253 1428890316755086860 379393 25.00
1428890316783716059 1428890316783225344 490715 25.06
1428890316810933337 1428890316810575338 357999 25.13
1428890316838224157 1428890316837811014 413143 25.20
1428890316866777328 1428890316865197033 1580295 25.26
1428890316894506141 1428890316893769955 736186 25.32
1428890316923018014 1428890316922516796 501218 25.38
1428890316950504669 1428890316950029904 474765 25.45
1428890316978846827 1428890316978356447 490380 25.50
1428890317006176240 1428890317005723997 452243 25.57
1428890317035571405 1428890317034046178 1525227 25.62
1428890317062970190 1428890317062511765 458425 25.68
1428890317090288260 1428890317089828787 459473 25.74
1428890317118107225 1428890317117214987 892238 25.80
1428890317147303692 1428890317145954739 1348953 25.85
1428890317176002157 1428890317174370772 1631385 25.90
1428890317205896796 1428890317203383458 2513338 25.94
1428890317240304367 1428890317239429355 875012 25.97
1428890317267750334 1428890317267383464 366870 26.02
1428890317295781945 1428890317295082469 699476 26.08
1428890317323270377 1428890317321886327 1384050 26.13
1428890317349149184 1428890317348745170 404014 26.19
1428890317377307308 1428890317375772344 1534964 26.24
1428890317406388841 1428890317404421279 1967562 26.29
1428890317435293419 1428890317433845959 1447460 26.34
1428890317462630912 1428890317462284906 346006 26.39
1428890317491386330 1428890317489798315 1588015 26.43
1428890318173786584 1428890318173438041 348543 23.75
1428890318202327839 1428890318200761302 1566537 23.81
1428890318229790112 1428890318229355838 434274 23.86
1428890318257216554 1428890318256722815 493739 23.92
1428890318284529658 1428890318284136749 392909 23.98
1428890318312895617 1428890318312366384 529233 24.03
1428890318341481231 1428890318339846889 1634342 24.08
1428890318369265501 1428890318368813658 451843 24.13
1428890318400470353 1428890318400064827 405526 24.17
1428890318429102470 1428890318428756258 346212 24.22
1428890318458494007 1428890318457410332 1083675 24.27
1428890318487475469 1428890318485755816 1719653 24.32
1428890318514717177 1428890318514395147 322030 24.37
1428890318541836552 1428890318541599946 236606 24.42
1428890318569127006 1428890318568715421 411585 24.47
1428890318597121826 1428890318596805487 316339 24.52
1428890318625719367 1428890318623985346 1734021 24.57
1428890318653068121 1428890318652791914 276207 24.62
1428890318681133507 1428890318679936601 1196906 24.67
1428890318709995715 1428890318708960701 1035014 24.71
1428890318738225371 1428890318737884343 341028 24.76
1428890318767209414 1428890318765177730 2031684 24.80
1428890318794632401 1428890318794209537 422864 24.85
1428890318821929891 1428890318821529367 400524 24.90
1428890318849029256 1428890318848755151 274105 24.95
1428890318876807295 1428890318875823612 983683 24.99
1428890318903935940 1428890318903667809 268131 25.04
1428890318934440266 1428890318932001400 2438866 25.08
1428890318961910199 1428890318961647201 262998 25.12
1428890318989167448 1428890318988746104 421344 25.17
1428890319018211592 1428890319016110427 2101165 25.21
1428890319045367272 1428890319045114777 252495 25.25
1428890319076034922 1428890319073109752 2925170 25.29
1428890319105768858 1428890319104877826 891032 25.32
1428890319133798053 1428890319133258554 539499 25.37
1428890319165022091 1428890319163470732 1551359 25.40
1428890319194751897 1428890319193134155 1617742 25.43
1428890319223557023 1428890319223068763 488260 25.47
1428890319250925492 1428890319250482226 443266 25.51
1428890319278928252 1428890319278456140 472112 25.55
1428890319306749960 1428890319306327026 422934 25.59
1428890319334833627 1428890319334419288 414339 25.63
1428890319362526861 1428890319361745492 781369 25.67
1428890319390547087 1428890319389578128 968959 25.71
1428890319421041714 1428890319418760430 2281284 25.74
1428890319449947787 1428890319449379160 568627 25.78
1428890319478941223 1428890319477730167 1211056 25.81
1428890319506414330 1428890319505930668 483662 25.85
1428890320190864034 1428890320190632570 231464 23.89
1428890320219927462 1428890320218298209 1629253 23.93
1428890320250010873 1428890320247944808 2066065 23.96
1428890320278416197 1428890320278075766 340431 24.00
1428890320305807340 1428890320305322984 484356 24.04
1428890320334220098 1428890320333790464 429634 24.08
1428890320361509566 1428890320361143244 366322 24.12
1428890320391358515 1428890320389344059 2014456 24.16
1428890320420740903 1428890320418804210 1936693 24.19
1428890320448149238 1428890320447750057 399181 24.23
1428890320475517038 1428890320475447567 69471 24.27
1428890320504644910 1428890320504398899 246011 24.31
1428890320533606752 1428890320532038918 1567834 24.35
1428890320562721976 1428890320562177946 544030 24.38
1428890320589951815 1428890320589617114 334701 24.42
1428890320617152348 1428890320616816618 335730 24.46
1428890320644345216 1428890320644013850 331366 24.50
1428890320673544736 1428890320671627197 1917539 24.53
1428890320701543152 1428890320701019346 523806 24.57
1428890320731506418 1428890320729643141 1863277 24.60
1428890320758833264 1428890320758382292 450972 24.64
1428890320790725794 1428890320790449022 276772 24.66
1428890320819064486 1428890320818713293 351193 24.70
1428890320848362859 1428890320847317732 1045127 24.73
1428890320876572093 1428890320875985232 586861 24.77
1428890320906024836 1428890320904866878 1157958 24.80
1428890320933600834 1428890320933177438 423396 24.83
1428890320962393168 1428890320962013553 379615 24.87
1428890320990339875 1428890320989963221 376654 24.90
1428890321017691703 1428890321017297116 394587 24.94
1428890321048012737 1428890321046140923 1871814 24.96
1428890321075213887 1428890321074916736 297151 25.00
1428890321107144601 1428890321102378292 4766309 25.02
1428890321134417400 1428890321134128126 289274 25.06
1428890321161510400 1428890321161221041 289359 25.09
1428890321188586664 1428890321188316787 269877 25.13
1428890321215695806 1428890321215386234 309572 25.16
1428890321242912619 1428890321242546551 366068 25.20
1428890321270121133 1428890321269755398 365735 25.23
1428890321299912143 1428890321297019703 2892440 25.26
1428890321324372160 1428890321323774416 597744 25.30
1428890321351449527 1428890321350592094 857433 25.34
1428890321379852489 1428890321377465296 2387193 25.37
1428890321406661306 1428890321404401106 2260200 25.40
1428890321432824961 1428890321431586599 1238362 25.44
1428890321460009536 1428890321458451682 1557854 25.47
1428890321486394392 1428890321485385525 1008867 25.51
1428890322177287781 1428890322175575068 1712713 23.94
1428890322203942818 1428890322202473245 1469573 23.98
1428890322231925702 1428890322231320213 605489 24.01
1428890322260859323 1428890322259224685 1634638 24.04
1428890322290580486 1428890322288510147 2070339 24.07
1428890322318675219 1428890322317969116 706103 24.10
1428890322345873519 1428890322345526702 346817 24.14
1428890322373126534 1428890322372770235 356299 24.17
1428890322400384839 1428890322400074607 310232 24.20
1428890322434874435 1428890322433429736 1444699 24.22
1428890322465291780 1428890322465101621 190159 24.25
1428890322496649786 1428890322495058634 1591152 24.27
1428890322529384440 1428890322528971561 412879 24.29
1428890322559128994 1428890322558910120 218874 24.32
1428890322587347654 1428890322586559846 787808 24.35
1428890322615353861 1428890322614261778 1092083 24.38
1428890322644998632 1428890322643406837 1591795 24.40
1428890322672164706 1428890322671831426 333280 24.43
1428890322699409635 1428890322699067433 342202 24.47
1428890322728620948 1428890322728204233 416715 24.49
1428890322755664678 1428890322755384051 280627 24.53
1428890322783641074 1428890322783350064 291010 24.56
1428890322810654931 1428890322810434582 220349 24.59
1428890322837655648 1428890322837415498 240150 24.62
1428890322864758002 1428890322864452709 305293 24.65
1428890322896005733 1428890322893889221 2116512 24.67
1428890322928912577 1428890322923744858 5167719 24.69
1428890322956350630 1428890322955856658 493972 24.72
1428890322984561451 1428890322983541856 1019595 24.75
1428890323014780392 1428890323011632119 3148273 24.77
1428890323043894650 1428890323042817409 1077241 24.80
1428890323071229212 1428890323070810091 419121 24.83
1428890323099089458 1428890323098687707 401751 24.85
1428890323126341713 1428890323125958137 383576 24.88
1428890323155079981 1428890323153347455 1732526 24.91
1428890323183718245 1428890323182182251 1535994 24.94
1428890323212901669 1428890323210793428 2108241 24.96
1428890323241091645 1428890323239912770 1178875 24.99
1428890323269043543 1428890323268518234 525309 25.01
1428890323297498874 1428890323296382653 1116221 25.04
1428890323324328568 1428890323323891606 436962 25.07
1428890323352195783 1428890323351412166 783617 25.10
1428890323380353533 1428890323379587709 765824 25.12
1428890323408045143 1428890323407252479 792664 25.15
1428890323434968957 1428890323434112875 856082 25.18
1428890323461541628 1428890323461195917 345711 25.21
1428890323490436777 1428890323489364800 1071977 25.23
1428890324170984042 1428890324170721249 262793 23.97
1428890324199471392 1428890324198734677 736715 23.99
1428890324228917849 1428890324227387278 1530571 24.02
1428890324257016897 1428890324255751963 1264934 24.04
1428890324285287384 1428890324284017346 1270038 24.07
1428890324313859460 1428890324313514918 344542 24.10
1428890324346950940 1428890324346098962 851978 24.11
1428890324375490658 1428890324375257599 233059 24.14
1428890324404488361 1428890324402697441 1790920 24.16
1428890324433392289 1428890324433112474 279815 24.19
1428890324463211237 1428890324461552649 1658588 24.21
1428890324490384984 1428890324490121945 263039 24.24
1428890324518678137 1428890324517243915 1434222 24.26
1428890324546280672 1428890324545819933 460739 24.29
1428890324575396774 1428890324573241988 2154786 24.31
1428890324603081183 1428890324602710508 370675 24.34
1428890324644989776 1428890324644029289 960487 24.34
1428890324672488859 1428890324672218882 269977 24.36
1428890324699964421 1428890324699538827 425594 24.39
1428890324730654725 1428890324728355279 2299446 24.41
1428890324761331188 1428890324759098879 2232309 24.43
1428890324790732681 1428890324788940589 1792092 24.45
1428890324818044374 1428890324817762272 282102 24.48
1428890324846692148 1428890324845140712 1551436 24.50
1428890324874978054 1428890324873930370 1047684 24.53
1428890324902166438 1428890324901822328 344110 24.55
1428890324931598784 1428890324929226329 2372455 24.58
1428890324961033586 1428890324959443244 1590342 24.60
1428890324987240406 1428890324986805132 435274 24.62
1428890325014463955 1428890325013911243 552712 24.65
1428890325041225303 1428890325040792744 432559 24.68
1428890325068997645 1428890325068450127 547518 24.70
1428890325096085890 1428890325095508736 577154 24.73
1428890325122936348 1428890325122372905 563443 24.75
1428890325150191344 1428890325149714147 477197 24.78
1428890325178523810 1428890325177419854 1103956 24.80
1428890325205073776 1428890325204618019 455757 24.83
1428890325232543921 1428890325231955527 588394 24.85
1428890325259432346 1428890325258901317 531029 24.88
1428890325286152558 1428890325285893562 258996 24.90
1428890325314352603 1428890325313546082 806521 24.93
1428890325341943976 1428890325340538872 1405104 24.95
1428890325368707836 1428890325367681347 1026489 24.97
1428890325396819739 1428890325394886533 1933206 25.00
1428890325426250646 1428890325424618698 1631948 25.02
1428890325454446359 1428890325454104835 341524 25.04
1428890325481784603 1428890325481425243 359360 25.06
1428890326157890235 1428890326157687686 202549 23.99
1428890326184956472 1428890326184724954 231518 24.02
1428890326212056586 1428890326211790984 265602 24.04
1428890326239104005 1428890326238863099 240906 24.07
1428890326266095963 1428890326265880507 215456 24.09
1428890326296453773 1428890326295866968 586805 24.11
1428890326329342053 1428890326325074319 4267734 24.13
1428890326357928847 1428890326351964150 5964697 24.15
1428890326384207615 1428890326378847365 5360250 24.17
1428890326411858744 1428890326409340825 2517919 24.20
1428890326438253638 1428890326436265040 1988598 24.22
1428890326467170438 1428890326465063780 2106658 24.24
1428890326495056531 1428890326493852680 1203851 24.27
1428890326527354049 1428890326522941984 4412065 24.28
1428890326551358512 1428890326549783382 1575130 24.31
1428890326578373488 1428890326576635522 1737966 24.33
1428890326606581312 1428890326603487028 3094284 24.36
1428890326631355881 1428890326630353498 1002383 24.38
1428890326659068632 1428890326657255795 1812837 24.41
1428890326686818693 1428890326686323547 495146 24.43
1428890326714253331 1428890326714074485 178846 24.45
1428890326742275591 1428890326742088774 186817 24.47
1428890326771031720 1428890326770918098 113622 24.49
1428890326852351928 1428890326852159494 192434 24.49
1428890326879413298 1428890326879211849 201449 24.52
1428890326906478631 1428890326906272059 206572 24.54
1428890326933525834 1428890326933323864 201970 24.56
1428890326966282933 1428890326965985127 297806 24.58
1428890327040133576 1428890326993867763 46265813 24.52
1428890327041224067 1428890327020763932 20460135 24.59
1428890327048569603 1428890327047957126 612477 24.64
1428890327076059747 1428890327074829700 1230047 24.66
1428890327102179019 1428890327101647766 531253 24.69
1428890327129668726 1428890327128474968 1193758 24.71
1428890327155700335 1428890327155292404 407931 24.73
1428890327182513922 1428890327182121119 392803 24.75
1428890327209292463 1428890327208972360 320103 24.78
1428890327236127750 1428890327235865269 262481 24.80
1428890327263058140 1428890327262771130 287010 24.82
1428890327289849595 1428890327289696390 153205 24.84
1428890327327213124 1428890327327039729 173395 24.85
1428890327354974021 1428890327354410786 563235 24.87
1428890327381825936 1428890327381270879 555057 24.89
1428890327408517924 1428890327408111337 406587 24.91
1428890327435436420 1428890327435016939 419481 24.93
1428890328155189281 1428890328154763071 426210 23.93
1428890328182649225 1428890328182269776 379449 23.96
1428890328212890681 1428890328211158745 1731936 23.97
1428890328240194639 1428890328239814467 380172 24.00
1428890328269464465 1428890328268962245 502220 24.01
1428890328297922199 1428890328297545023 377176 24.03
1428890328326536659 1428890328326055409 481250 24.05
1428890328355143622 1428890328353813890 1329732 24.07
1428890328383330052 1428890328382721302 608750 24.09
1428890328412038848 1428890328410396132 1642716 24.11
1428890328441075074 1428890328440215449 859625 24.13
1428890328469179526 1428890328468448077 731449 24.15
1428890328501431271 1428890328496501167 4930104 24.16
1428890328523946739 1428890328523331413 615326 24.19
1428890328554301141 1428890328550259261 4041880 24.21
1428890328577828368 1428890328577245114 583254 24.23
1428890328608939846 1428890328605298425 3641421 24.25
1428890328634666110 1428890328632256477 2409633 24.27
1428890328659972092 1428890328659173236 798856 24.29
1428890328686798017 1428890328686103424 694593 24.32
1428890328713597173 1428890328713038339 558834 24.34
1428890328740795466 1428890328739908533 886933 24.36
1428890328768187798 1428890328767789079 398719 24.38
1428890328853861103 1428890328853158562 702541 24.37
1428890328882023309 1428890328881720559 302750 24.39
1428890328909341827 1428890328908956809 385018 24.41
1428890328936908210 1428890328936314421 593789 24.43
1428890328966085206 1428890328964721206 1364000 24.45
1428890328993511166 1428890328993046595 464571 24.47
1428890329024087325 1428890329021559974 2527351 24.48
1428890329054468718 1428890329052203038 2265680 24.50
1428890329082882486 1428890329082450519 431967 24.51
1428890329110064811 1428890329109727646 337165 24.53
1428890329139829933 1428890329137159315 2670618 24.55
1428890329167650009 1428890329167019173 630836 24.57
1428890329195078841 1428890329194649780 429061 24.59
1428890329222312753 1428890329221941489 371264 24.61
1428890329252782027 1428890329250326989 2455038 24.62
1428890329281022709 1428890329279802113 1220596 24.64
1428890329308431988 1428890329307939101 492887 24.66
1428890329335755060 1428890329335264515 490545 24.68
1428890329363787347 1428890329362600215 1187132 24.70
1428890329392401554 1428890329390765843 1635711 24.71
1428890329422065816 1428890329419484700 2581116 24.73
1428890329450131306 1428890329449827212 304094 24.75
1428890329477256036 1428890329476936914 319122 24.77
1428890330171387270 1428890330170590634 796636 23.92
1428890330201950353 1428890330200393443 1556910 23.94
1428890330229258850 1428890330228897132 361718 23.95
1428890330259562931 1428890330257764449 1798482 23.97
1428890330288337767 1428890330287795387 542380 23.99
1428890330316080398 1428890330315790473 289925 24.01
1428890330344147035 1428890330343659722 487313 24.02
1428890330370831836 1428890330370485479 346357 24.04
1428890330398189291 1428890330397844497 344794 24.06
1428890330424979018 1428890330424642610 336408 24.08
1428890330452670673 1428890330452160785 509888 24.10
1428890330479210962 1428890330479014856 196106 24.12
1428890330505861387 1428890330505702734 158653 24.14
1428890330532944531 1428890330532495022 449509 24.16
1428890330559795452 1428890330559330098 465354 24.18
1428890330586960895 1428890330586603931 356964 24.20
1428890330614593421 1428890330613865070 728351 24.21
1428890330642116534 1428890330641144365 972169 24.23
1428890330668601995 1428890330667994139 607856 24.25
1428890330695386391 1428890330694847520 538871 24.27
1428890330721986533 1428890330721709602 276931 24.29
1428890330749101366 1428890330748815560 285806 24.31
1428890330776103163 1428890330775866784 236379 24.33
1428890330858155284 1428890330857945279 210005 24.33
1428890330886187612 1428890330885763131 424481 24.34
1428890330914021163 1428890330913644890 376273 24.36
1428890330943223119 1428890330942336977 886142 24.38
1428890330972668750 1428890330972402147 266603 24.39
1428890331002041355 1428890331001311355 730000 24.41
1428890331032470876 1428890331030740451 1730425 24.42
1428890331059573874 1428890331059264085 309789 24.44
1428890331090571369 1428890331089078134 1493235 24.45
1428890331119026767 1428890331118685785 340982 24.47
1428890331146201321 1428890331145872905 328416 24.48
1428890331173309671 1428890331173032897 276774 24.50
1428890331200414123 1428890331200124187 289936 24.52
1428890331228460910 1428890331227302584 1158326 24.54
1428890331256080863 1428890331255587725 493138 24.55
1428890331286981773 1428890331286537777 443996 24.57
1428890331315330102 1428890331314013001 1317101 24.58
1428890331343628514 1428890331342286225 1342289 24.60
1428890331372626067 1428890331371714652 911415 24.61
1428890331399274205 1428890331398670069 604136 24.63
1428890331429920888 1428890331425768486 4152402 24.64
1428890331454222520 1428890331452777222 1445298 24.66
1428890331480192080 1428890331479660106 531974 24.68
1428890332176119615 1428890332174151297 1968318 23.92
1428890332203516723 1428890332203055119 461604 23.94
1428890332230924787 1428890332229925560 999227 23.96
1428890332257409307 1428890332256832565 576742 23.98
1428890332285155818 1428890332283709637 1446181 23.99
1428890332312369321 1428890332312007502 361819 24.01
1428890332339774591 1428890332339282148 492443 24.03
1428890332375078305 1428890332368390807 6687498 24.03
1428890332400654431 1428890332400258785 395646 24.05
1428890332427573446 1428890332427192437 381009 24.07
1428890332456566791 1428890332455183430 1383361 24.09
1428890332484693719 1428890332484381735 311984 24.10
1428890332512125691 1428890332511685323 440368 24.12
1428890332539951442 1428890332539597546 353896 24.13
1428890332569499569 1428890332569269392 230177 24.15
1428890332603080631 1428890332600965890 2114741 24.16
1428890332634369502 1428890332632569366 1800136 24.17
1428890332663604897 1428890332661224547 2380350 24.18
1428890332691064860 1428890332690711485 353375 24.20
1428890332718483322 1428890332717964331 518991 24.22
1428890332748476407 1428890332748141823 334584 24.23
1428890332777669160 1428890332777024384 644776 24.24
1428890332808398797 1428890332808065195 333602 24.26
1428890332837501586 1428890332835818446 1683140 24.27
1428890332866039857 1428890332865508653 531204 24.29
1428890332893383619 1428890332893167749 215870 24.30
1428890332920994102 1428890332920750832 243270 24.32
1428890332947990900 1428890332947773078 217822 24.33
1428890332975660591 1428890332975100366 560225 24.35
1428890333005191185 1428890333003368111 1823074 24.36
1428890333034100698 1428890333032380432 1720266 24.38
1428890333070787769 1428890333063019745 7768024 24.38
1428890333091805016 1428890333089876506 1928510 24.41
1428890333121149160 1428890333117195667 3953493 24.42
1428890333150422254 1428890333144039553 6382701 24.43
1428890333179076610 1428890333171331416 7745194 24.45
1428890333205813773 1428890333198800230 7013543 24.46
1428890333226773750 1428890333225649227 1124523 24.49
1428890333254280830 1428890333252674417 1606413 24.50
1428890333285379134 1428890333282046961 3332173 24.51
1428890333310260371 1428890333309731436 528935 24.53
1428890333337509339 1428890333337012363 496976 24.55
1428890333364284551 1428890333363873252 411299 24.56
1428890333391414134 1428890333390999768 414366 24.58
1428890333419241015 1428890333418772944 468071 24.59
1428890333446124498 1428890333445678046 446452 24.61
1428890333473918156 1428890333473433759 484397 24.63
1428890334149667015 1428890334149360617 306398 23.96
1428890334180087987 1428890334178513313 1574674 23.97
1428890334207410915 1428890334207050135 360780 23.99
1428890334236534371 1428890334234898975 1635396 24.00
1428890334263733616 1428890334263392485 341131 24.02
1428890334293597321 1428890334291585705 2011616 24.03
1428890334322207533 1428890334321936298 271235 24.04
1428890334355132698 1428890334354108546 1024152 24.05
1428890334386416707 1428890334384604054 1812653 24.06
1428890334416518959 1428890334414881935 1637024 24.08
1428890334446761002 1428890334444742701 2018301 24.09
1428890334475016625 1428890334474013205 1003420 24.10
1428890334502572927 1428890334502420949 151978 24.12
1428890334529625762 1428890334529376519 249243 24.13
1428890334556682142 1428890334556425885 256257 24.15
1428890334583668191 1428890334583461773 206418 24.16
1428890334611797088 1428890334611007825 789263 24.18
1428890334643745900 1428890334639347600 4398300 24.19
1428890334668726236 1428890334666457631 2268605 24.21
1428890334693945682 1428890334693292618 653064 24.22
1428890334720684270 1428890334720134777 549493 24.24
1428890334748340068 1428890334747009872 1330196 24.25
1428890334777391384 1428890334775755151 1636233 24.27
1428890334860830967 1428890334860631852 199115 24.27
1428890334888093210 1428890334887885972 207238 24.28
1428890334916016892 1428890334915788712 228180 24.29
1428890334944226716 1428890334943850133 376583 24.31
1428890334971344960 1428890334971147230 197730 24.32
1428890335001458702 1428890335000047442 1411260 24.34
1428890335028615728 1428890335028404477 211251 24.35
1428890335055702005 1428890335055402359 299646 24.37
1428890335084399670 1428890335083190071 1209599 24.38
1428890335112930826 1428890335112490063 440763 24.39
1428890335141929857 1428890335141276689 653168 24.40
1428890335169178100 1428890335168886380 291720 24.42
1428890335199380345 1428890335199223913 156432 24.43
1428890335227337797 1428890335226727425 610372 24.44
1428890335257123567 1428890335255775129 1348438 24.46
1428890335286600507 1428890335284457198 2143309 24.47
1428890335314073275 1428890335313681104 392171 24.48
1428890335342175053 1428890335341041103 1133950 24.50
1428890335369805355 1428890335369193128 612227 24.51
1428890335397674066 1428890335396842131 831935 24.52
1428890335426426222 1428890335425489396 936826 24.54
1428890335456538452 1428890335454709728 1828724 24.55
1428890335486999560 1428890335486324068 675492 24.56
1428890336167401712 1428890336166908116 493596 23.94
1428890336194570626 1428890336194251332 319294 23.96
1428890336221715943 1428890336221400724 315219 23.97
1428890336250646762 1428890336250059394 587368 23.99
1428890336282690022 1428890336280875599 1814423 24.00
1428890336310081544 1428890336309761807 319737 24.01
1428890336337171822 1428890336336869524 302298 24.02
1428890336364480050 1428890336364139295 340755 24.04
1428890336392790877 1428890336392285494 505383 24.05
1428890336423311040 1428890336419896450 3414590 24.06
1428890336447633553 1428890336447212489 421064 24.08
1428890336474601826 1428890336474048878 552948 24.09
1428890336502652728 1428890336500975265 1677463 24.11
1428890336529449111 1428890336528932784 516327 24.12
1428890336556371814 1428890336555759596 612218 24.14
1428890336583294102 1428890336582605934 688168 24.15
1428890336611062476 1428890336610042568 1019908 24.16
1428890336637440713 1428890336636874352 566361 24.18
1428890336668121950 1428890336663948294 4173656 24.19
1428890336691273078 1428890336690833393 439685 24.21
1428890336720020993 1428890336718723936 1297057 24.22
1428890336747762170 1428890336746989316 772854 24.23
1428890336775397755 1428890336774825399 572356 24.25
1428890336857793478 1428890336856879592 913886 24.25
1428890336885560008 1428890336885146209 413799 24.26
1428890336913984413 1428890336912945430 1038983 24.27
1428890336941306802 1428890336940957674 349128 24.29
1428890336969706055 1428890336968537829 1168226 24.30
1428890337002813571 1428890337002572707 240864 24.31
1428890337030897436 1428890337030195515 701921 24.32
1428890337059480262 1428890337058354218 1126044 24.33
1428890337092250608 1428890337090627816 1622792 24.34
1428890337119382353 1428890337119116120 266233 24.35
1428890337146638075 1428890337146246827 391248 24.37
1428890337174567330 1428890337173672478 894852 24.38
1428890337204134711 1428890337203123651 1011060 24.39
1428890337231602131 1428890337231355279 246852 24.40
1428890337259719750 1428890337258750733 969017 24.42
1428890337287789477 1428890337285674062 2115415 24.43
1428890337314040102 1428890337313421723 618379 24.44
1428890337342590045 1428890337341013657 1576388 24.46
1428890337372062192 1428890337371572932 489260 24.47
1428890337401118473 1428890337400524274 594199 24.48
1428890337427985509 1428890337427426024 559485 24.49
1428890337464215349 1428890337454659024 9556325 24.50
1428890337482297577 1428890337481676842 620735 24.52
1428890338172763590 1428890338171551382 1212208 23.94
1428890338202113776 1428890338200713477 1400299 23.96
1428890338230948275 1428890338229300879 1647396 23.97
1428890338259709141 1428890338258966680 742461 23.98
1428890338286927130 1428890338286625640 301490 23.99
1428890338316673354 1428890338316036262 637092 24.00
1428890338346001915 1428890338345325209 676706 24.01
1428890338374988601 1428890338374377439 611162 24.03
1428890338402745318 1428890338402167657 577661 24.04
1428890338436794633 1428890338433809096 2985537 24.05
1428890338464004833 1428890338463723004 281829 24.06
1428890338492723425 1428890338490936458 1786967 24.07
1428890338525351336 1428890338520993661 4357675 24.08
1428890338554417428 1428890338552525440 1891988 24.09
1428890338583404460 1428890338581722638 1681822 24.10
1428890338608844810 1428890338608588272 256538 24.12
1428890338635941308 1428890338635654242 287066 24.13
1428890338663032893 1428890338662769575 263318 24.14
1428890338690110295 1428890338689847956 262339 24.16
1428890338717426120 1428890338717002304 423816 24.17
1428890338745131383 1428890338744713272 418111 24.18
1428890338772429453 1428890338772024679 404774 24.19
1428890338799787259 1428890338799305787 481472 24.21
1428890338837874388 1428890338837493263 381125 24.21
1428890338866389231 1428890338864788707 1600524 24.22
1428890338894715810 1428890338893435679 1280131 24.23
1428890338924997693 1428890338922992895 2004798 24.24
1428890338954228412 1428890338952260647 1967765 24.25
1428890338981663878 1428890338981237770 426108 24.27
1428890339009830827 1428890339009418957 411870 24.28
1428890339037009263 1428890339036691313 317950 24.29
1428890339064944714 1428890339064225691 719023 24.30
1428890339093464036 1428890339092550990 913046 24.31
1428890339120072139 1428890339119631791 440348 24.33
1428890339155471490 1428890339153826107 1645383 24.33
1428890339182745034 1428890339182479928 265106 24.34
1428890339210004084 1428890339209704131 299953 24.36
1428890339237148329 1428890339236866982 281347 24.37
1428890339265200795 1428890339264843866 356929 24.38
1428890339293416038 1428890339292227692 1188346 24.39
1428890339321967595 1428890339320330310 1637285 24.40
1428890339349086147 1428890339347279116 1807031 24.42
1428890339378065630 1428890339376210057 1855573 24.43
1428890339408122312 1428890339405529826 2592486 24.44
1428890339433981091 1428890339432572400 1408691 24.45
1428890339460014961 1428890339459518155 496806 24.46
1428890339491601368 1428890339487263814 4337554 24.47
1428890339514971142 1428890339514287992 683150 24.49
1428890340197148263 1428890340195578409 1569854 23.96
1428890340224734303 1428890340224349130 385173 23.97
1428890340253513150 1428890340253195833 317317 23.99
1428890340281901385 1428890340281526916 374469 24.00
1428890340311902230 1428890340310251093 1651137 24.01
1428890340339136862 1428890340338813735 323127 24.02
1428890340366304257 1428890340365963523 340734 24.03
1428890340395242111 1428890340394203452 1038659 24.04
1428890340422755108 1428890340422358238 396870 24.05
1428890340451201495 1428890340450773574 427921 24.07
1428890340479743655 1428890340479241068 502587 24.08
1428890340506973148 1428890340506575036 398112 24.09
1428890340534214138 1428890340533282102 932036 24.10
1428890340563305323 1428890340561842000 1463323 24.11
1428890340590846018 1428890340589376690 1469328 24.12
1428890340617795885 1428890340617295019 500866 24.14
1428890340645323278 1428890340644496459 826819 24.15
1428890340673324083 1428890340671501804 1822279 24.16
1428890340698888498 1428890340698407014 481484 24.17
1428890340727762995 1428890340726376723 1386272 24.18
1428890340759322689 1428890340757140610 2182079 24.19
1428890340788236781 1428890340787167530 1069251 24.20
1428890340815520712 1428890340815090745 429967 24.21
1428890340842609817 1428890340842333705 276112 24.23
1428890340869734188 1428890340869423915 310273 24.24
1428890340897297000 1428890340896462056 834944 24.25
1428890340925491710 1428890340925191151 300559 24.26
1428890340953793099 1428890340953386736 406363 24.27
1428890340980665105 1428890340980328194 336911 24.28
1428890341008240845 1428890341007558249 682596 24.29
1428890341034843704 1428890341034393022 450682 24.31
1428890341062932589 1428890341061995530 937059 24.32
1428890341089438605 1428890341088923509 515096 24.33
1428890341121204306 1428890341121016027 188279 24.34
1428890341149479704 1428890341149180653 299051 24.35
1428890341181061971 1428890341180682093 379878 24.36
1428890341209097906 1428890341208663600 434306 24.37
1428890341235926145 1428890341235488720 437425 24.38
1428890341263278105 1428890341262890867 387238 24.39
1428890341290015346 1428890341289635739 379607 24.40
1428890341318137966 1428890341316553219 1584747 24.41
1428890341345179143 1428890341344755763 423380 24.43
1428890341372561970 1428890341371761786 800184 24.44
1428890341400483807 1428890341399682448 801359 24.45
1428890341431402213 1428890341430203332 1198881 24.46
1428890341459481679 1428890341459126683 354996 24.47
1428890341486482826 1428890341485984351 498475 24.48
1428890342164764026 1428890342163473190 1290836 23.99
1428890342192792852 1428890342191695382 1097470 24.00
1428890342221634793 1428890342219732564 1902229 24.01
1428890342249861352 1428890342248673079 1188273 24.02
1428890342277100381 1428890342276756113 344268 24.03
1428890342304470186 1428890342304013300 456886 24.05
1428890342331706092 1428890342331386822 319270 24.06
1428890342360575591 1428890342360039012 536579 24.07
1428890342391048390 1428890342389189482 1858908 24.08
1428890342418427492 1428890342417985145 442347 24.09
1428890342446354049 1428890342445902684 451365 24.10
1428890342474298563 1428890342474069196 229367 24.11
1428890342505213282 1428890342505021661 191621 24.12
1428890342536509329 1428890342534228876 2280453 24.13
1428890342563580438 1428890342562976567 603871 24.14
1428890342593282568 1428890342591286335 1996233 24.15
1428890342620745821 1428890342620224791 521030 24.16
1428890342649995801 1428890342648111850 1883951 24.17
1428890342679813592 1428890342677205374 2608218 24.18
1428890342708006451 1428890342704406343 3600108 24.19
1428890342733028086 1428890342731506857 1521229 24.20
1428890342761897010 1428890342760011883 1885127 24.21
1428890342789867352 1428890342788303335 1564017 24.22
1428890342816806590 1428890342816499523 307067 24.23
1428890342845127565 1428890342843748277 1379288 24.24
1428890342874444202 1428890342872263883 2180319 24.25
1428890342903006374 1428890342901522830 1483544 24.26
1428890342930427811 1428890342929967855 459956 24.27
1428890342957783949 1428890342957294350 489599 24.28
1428890342986229169 1428890342984695369 1533800 24.29
1428890343013875193 1428890343013209141 666052 24.30
1428890343042170903 1428890343041752593 418310 24.31
1428890343072273517 1428890343070156814 2116703 24.32
1428890343102113231 1428890343099890229 2223002 24.33
1428890343132191604 1428890343131788305 403299 24.34
1428890343159493873 1428890343159076329 417544 24.35
1428890343186926616 1428890343186430949 495667 24.36
1428890343216049994 1428890343213949077 2100917 24.37
1428890343244819567 1428890343244012494 807073 24.38
1428890343272525009 1428890343271854206 670803 24.39
1428890343300486417 1428890343299563764 922653 24.40
1428890343327775825 1428890343327448202 327623 24.41
1428890343355793787 1428890343354943360 850427 24.42
1428890343388321258 1428890343388036582 284676 24.43
1428890343416220734 1428890343415719953 500781 24.44
1428890343443424552 1428890343442911887 512665 24.45
1428890343470091731 1428890343469819752 271979 24.46
1428890343498238544 1428890343497803588 434956 24.47
1428890344170151740 1428890344168708224 1443516 24.02
1428890344201325075 1428890344199270784 2054291 24.03
1428890344228699541 1428890344228340738 358803 24.04
1428890344256175485 1428890344255820577 354908 24.05
1428890344283385155 1428890344283017752 367403 24.06
1428890344310637304 1428890344310235472 401832 24.07
1428890344337943198 1428890344337520446 422752 24.08
1428890344366014964 1428890344365597415 417549 24.09
1428890344395453145 1428890344393501894 1951251 24.10
1428890344424551267 1428890344424011494 539773 24.11
1428890344451751815 1428890344451388472 363343 24.12
1428890344481053972 1428890344480006212 1047760 24.13
1428890344509306691 1428890344509022146 284545 24.14
1428890344536465417 1428890344536134588 330829 24.15
1428890344564887007 1428890344563582770 1304237 24.16
1428890344592324410 1428890344591794639 529771 24.17
1428890344620832105 1428890344619151890 1680215 24.18
1428890344648219715 1428890344647784104 435611 24.19
1428890344678385161 1428890344676066489 2318672 24.20
1428890344705662865 1428890344705336366 326499 24.21
1428890344732867207 1428890344732500644 366563 24.22
1428890344761740504 1428890344761379937 360567 24.23
1428890344792185299 1428890344790431429 1753870 24.24
1428890344820893955 1428890344819363413 1530542 24.24
1428890344850365788 1428890344848051123 2314665 24.25
1428890344882122767 1428890344881606915 515852 24.26
1428890344910324092 1428890344909770531 553561 24.27
1428890344937451759 1428890344937178348 273411 24.28
1428890344964591223 1428890344964254025 337198 24.29
1428890344991700582 1428890344991409098 291484 24.30
1428890345018804246 1428890345018508664 295582 24.31
1428890345045943063 1428890345045614799 328264 24.32
1428890345073158143 1428890345072769118 389025 24.33
1428890345101612355 1428890345100162673 1449682 24.34
1428890345129497962 1428890345128550432 947530 24.35
1428890345156894217 1428890345156492105 402112 24.36
1428890345184063155 1428890345183724860 338295 24.37
1428890345211287205 1428890345210891955 395250 24.38
1428890345239098236 1428890345238109246 988990 24.39
1428890345266972963 1428890345266081996 890967 24.40
1428890345303782654 1428890345303499913 282741 24.40
1428890345330912453 1428890345330593497 318956 24.41
1428890345358189179 1428890345357851635 337544 24.42
1428890345386312826 1428890345385127837 1184989 24.43
1428890345413658447 1428890345413342244 316203 24.44
1428890345442378584 1428890345440566790 1811794 24.45
1428890345468068500 1428890345467566142 502358 24.46
1428890345495182601 1428890345494819560 363041 24.47
1428890346192132295 1428890346190474530 1657765 24.03
1428890346219363402 1428890346219023843 339559 24.04
1428890346246560348 1428890346246204697 355651 24.05
1428890346274849365 1428890346274011599 837766 24.06
1428890346302133330 1428890346301771719 361611 24.07
1428890346329089433 1428890346328983128 106305 24.08
1428890346356554208 1428890346356097517 456691 24.09
1428890346383644384 1428890346383008248 636136 24.10
1428890346411252395 1428890346410638305 614090 24.11
1428890346438676934 1428890346437980299 696635 24.12
1428890346466106404 1428890346465455218 651186 24.13
1428890346496148912 1428890346492998600 3150312 24.14
1428890346521226501 1428890346520671744 554757 24.15
1428890346548401514 1428890346548207266 194248 24.16
1428890346576148316 1428890346575265032 883284 24.17
1428890346603482305 1428890346603150798 331507 24.18
1428890346631559594 1428890346630248338 1311256 24.19
1428890346659432474 1428890346658676657 755817 24.20
1428890346687306347 1428890346686525404 780943 24.21
1428890346715697255 1428890346714418197 1279058 24.22
1428890346745952345 1428890346743536731 2415614 24.23
1428890346774322415 1428890346773147337 1175078 24.23
1428890346801831926 1428890346801379893 452033 24.24
1428890346829621386 1428890346829403477 217909 24.25
1428890346857740223 1428890346857435674 304549 24.26
1428890346885188020 1428890346884898909 289111 24.27
1428890346913384808 1428890346913022442 362366 24.28
1428890346942641148 1428890346940979502 1661646 24.29
1428890346970913535 1428890346969709884 1203651 24.30
1428890347000797322 1428890347000008494 788828 24.31
1428890347029841416 1428890347028985935 855481 24.31
1428890347059102272 1428890347057581507 1520765 24.32
1428890347087834098 1428890347086311655 1522443 24.33
1428890347116148768 1428890347114789534 1359234 24.34
1428890347144875464 1428890347144121763 753701 24.35
1428890347174443112 1428890347173752772 690340 24.36
1428890347202134024 1428890347201406153 727871 24.37
1428890347229395732 1428890347229029045 366687 24.38
1428890347258025158 1428890347256247006 1778152 24.38
1428890347287313161 1428890347285406864 1906297 24.39
1428890347318689319 1428890347317414650 1274669 24.40
1428890347349011862 1428890347346543143 2468719 24.41
1428890347378294213 1428890347376572269 1721944 24.42
1428890347407364705 1428890347406500607 864098 24.42
1428890347436409038 1428890347435805694 603344 24.43
1428890347463369966 1428890347462713835 656131 24.44
1428890347493408186 1428890347489754294 3653892 24.45
1428890347517740059 1428890347516828979 911080 24.46
1428890348210274028 1428890348210057616 216412 24.05
1428890348238257166 1428890348238078328 178838 24.05
1428890348266294044 1428890348265976005 318039 24.06
1428890348294572100 1428890348293082886 1489214 24.07
1428890348324512189 1428890348320262109 4250080 24.08
1428890348350642323 1428890348350286624 355699 24.09
1428890348383158567 1428890348382237034 921533 24.10
1428890348411400479 1428890348410926757 473722 24.11
1428890348438607645 1428890348438248913 358732 24.11
1428890348468628188 1428890348468479040 149148 24.12
1428890348495930656 1428890348495743188 187468 24.13
1428890348523504209 1428890348523443750 60459 24.14
1428890348551443166 1428890348550762201 680965 24.15
1428890348578929796 1428890348577614523 1315273 24.16
1428890348611621780 1428890348609438854 2182926 24.16
1428890348642328942 1428890348636471508 5857434 24.17
1428890348664011667 1428890348663358110 653557 24.19
1428890348691584574 1428890348690270758 1313816 24.19
1428890348718455639 1428890348717162159 1293480 24.20
1428890348746231589 1428890348745777864 453725 24.21
1428890348778288692 1428890348776271032 2017660 24.22
1428890348805605297 1428890348805258843 346454 24.23
1428890348832786688 1428890348832442667 344021 24.24
1428890348862729816 1428890348860982154 1747662 24.24
1428890348891791262 1428890348889892693 1898569 24.25
1428890348921314607 1428890348919445932 1868675 24.26
1428890348948752440 1428890348948371479 380961 24.27
1428890348976093302 1428890348975628369 464933 24.28
1428890349004849068 1428890349004378472 470596 24.29
1428890349035860539 1428890349034134185 1726354 24.29
1428890349065233313 1428890349064641453 591860 24.30
1428890349094166987 1428890349093734680 432307 24.31
1428890349121818813 1428890349121559651 259162 24.32
1428890349149868338 1428890349149557273 311065 24.33
1428890349181755432 1428890349180016161 1739271 24.33
1428890349209281177 1428890349208726838 554339 24.34
1428890349237407871 1428890349236236983 1170888 24.35
1428890349265576724 1428890349264488975 1087749 24.36
1428890349294372878 1428890349292626496 1746382 24.37
1428890349321911725 1428890349321549806 361919 24.38
1428890349357411768 1428890349355436609 1975159 24.38
1428890349385430782 1428890349385044508 386274 24.39
1428890349412712002 1428890349412363084 348918 24.40
1428890349440838920 1428890349439745980 1092940 24.41
1428890349469416026 1428890349468933581 482445 24.41
1428890349497070113 1428890349496650351 419762 24.42
1428890349524635704 1428890349523966325 669379 24.43
1428890350204159846 1428890350202311765 1848081 24.05
1428890350231545740 1428890350231120198 425542 24.06
1428890350261548652 1428890350259685607 1863045 24.06
1428890350289134477 1428890350288593169 541308 24.07
1428890350318405893 1428890350318096229 309664 24.08
1428890350346611854 1428890350346352292 259562 24.09
1428890350373920031 1428890350373563793 356238 24.10
1428890350402153345 1428890350401751560 401785 24.11
1428890350430237677 1428890350429949302 288375 24.11
1428890350459224996 1428890350458932364 292632 24.12
1428890350487327442 1428890350486981477 345965 24.13
1428890350515282964 1428890350514967648 315316 24.14
1428890350543466952 1428890350542928843 538109 24.15
1428890350571819224 1428890350571521308 297916 24.16
1428890350605156906 1428890350601829493 3327413 24.16
1428890350635806274 1428890350629578597 6227677 24.17
1428890350660617643 1428890350660166101 451542 24.18
1428890350687896099 1428890350687428388 467711 24.19
1428890350715858825 1428890350715448015 410810 24.19
1428890350745996810 1428890350744001628 1995182 24.20
1428890350774311779 1428890350773949657 362122 24.21
1428890350801532378 1428890350801151426 380952 24.22
1428890350829992609 1428890350829603928 388681 24.23
1428890350858059267 1428890350857825386 233881 24.24
1428890350891549107 1428890350889495934 2053173 24.24
1428890350919210015 1428890350918746961 463054 24.25
1428890350948365779 1428890350946396612 1969167 24.26
1428890350975752959 1428890350975344647 408312 24.26
1428890351002857261 1428890351002590006 267255 24.27
1428890351031768299 1428890351030973101 795198 24.28
1428890351059133898 1428890351058688122 445776 24.29
1428890351087186474 1428890351086729503 456971 24.30
1428890351115072471 1428890351114651009 421462 24.31
1428890351142955194 1428890351141914166 1041028 24.31
1428890351170360561 1428890351169912262 448299 24.32
1428890351204821333 1428890351203166525 1654808 24.33
1428890351231929586 1428890351231648836 280750 24.34
1428890351259079826 1428890351258746520 333306 24.34
1428890351290216725 1428890351289275872 940853 24.35
1428890351322211644 1428890351320029733 2181911 24.36
1428890351351442349 1428890351350966701 475648 24.36
1428890351378595351 1428890351378291366 303985 24.37
1428890351405730156 1428890351405418379 311777 24.38
1428890351434702595 1428890351432552339 2150256 24.39
1428890351466564787 1428890351463652041 2912746 24.39
1428890351494076986 1428890351493726775 350211 24.40
1428890351525793750 1428890351521503447 4290303 24.41
1428890352212509174 1428890352212154937 354237 24.04
1428890352239864859 1428890352239491985 372874 24.05
1428890352269687910 1428890352267830102 1857808 24.06
1428890352297217180 1428890352296722542 494638 24.06
1428890352327082350 1428890352327003196 79154 24.07
1428890352359519652 1428890352359040441 479211 24.08
1428890352387209934 1428890352386808568 401366 24.08
1428890352416649808 1428890352416442563 207245 24.09
1428890352443787238 1428890352443653934 133304 24.10
1428890352471011274 1428890352470771304 239970 24.11
1428890352499221327 1428890352499010644 210683 24.12
1428890352527613885 1428890352527365802 248083 24.12
1428890352559195865 1428890352557368588 1827277 24.13
1428890352594520007 1428890352588241961 6278046 24.13
1428890352620734362 1428890352616476682 4257680 24.14
1428890352646034525 1428890352643515412 2519113 24.15
1428890352674850733 1428890352673024897 1825836 24.16
1428890352700884237 1428890352700461545 422692 24.17
1428890352731996507 1428890352731001426 995081 24.18
1428890352764298720 1428890352760944956 3353764 24.18
1428890352792659803 1428890352792162047 497756 24.19
1428890352819778113 1428890352819518975 259138 24.20
1428890352847668023 1428890352847417712 250311 24.21
1428890352874906533 1428890352874511718 394815 24.21
1428890352903259267 1428890352902824792 434475 24.22
1428890352932891274 1428890352931217827 1673447 24.23
1428890352959936145 1428890352959743277 192868 24.24
1428890352987209603 1428890352986818626 390977 24.24
1428890353014423334 1428890353014047706 375628 24.25
1428890353041502825 1428890353041240112 262713 24.26
1428890353073907527 1428890353071825924 2081603 24.27
1428890353101212463 1428890353100822297 390166 24.28
1428890353130847769 1428890353128845107 2002662 24.28
1428890353160460064 1428890353159006562 1453502 24.29
1428890353187598260 1428890353187311619 286641 24.30
1428890353217219010 1428890353215519835 1699175 24.30
1428890353245055052 1428890353244491870 563182 24.31
1428890353273897309 1428890353273095342 801967 24.32
1428890353304547518 1428890353300983779 3563739 24.33
1428890353333944773 1428890353332578578 1366195 24.33
1428890353364952561 1428890353363544426 1408135 24.34
1428890353393236902 1428890353392185571 1051331 24.35
1428890353419406950 1428890353419264376 142574 24.35
1428890353446602144 1428890353446388569 213575 24.36
1428890353473388098 1428890353473164050 224048 24.37
1428890353501183659 1428890353500547166 636493 24.38
1428890354198113321 1428890354194921463 3191858 24.02
1428890354225437953 1428890354225049637 388316 24.03
1428890354254308837 1428890354253635042 673795 24.04
1428890354283413875 1428890354281322630 2091245 24.04
1428890354311768655 1428890354310529864 1238791 24.05
1428890354342130146 1428890354338796245 3333901 24.06
1428890354370756725 1428890354369230147 1526578 24.07
1428890354397995137 1428890354397697166 297971 24.07
1428890354431577253 1428890354430710074 867179 24.08
1428890354458680223 1428890354458422089 258134 24.09
1428890354486151263 1428890354485760926 390337 24.09
1428890354513519193 1428890354513064463 454730 24.10
1428890354541074998 1428890354540385163 689835 24.11
1428890354570188070 1428890354568825809 1362261 24.12
1428890354598001855 1428890354597229509 772346 24.13
1428890354626396135 1428890354624973769 1422366 24.13
1428890354656235689 1428890354654147205 2088484 24.14
1428890354684902943 1428890354683440873 1462070 24.15
1428890354714633893 1428890354712310864 2323029 24.15
1428890354743072497 1428890354742732577 339920 24.16
1428890354772472788 1428890354770203510 2269278 24.17
1428890354799887354 1428890354799376183 511171 24.18
1428890354827055415 1428890354826740453 314962 24.18
1428890354854507339 1428890354853957452 549887 24.19
1428890354882754669 1428890354881412931 1341738 24.20
1428890354910963397 1428890354909686469 1276928 24.21
1428890354938359196 1428890354937927830 431366 24.21
1428890354966992903 1428890354965474170 1518733 24.22
1428890354997694865 1428890354996174015 1520850 24.23
1428890355026780159 1428890355026387165 392994 24.23
1428890355054251144 1428890355053794576 456568 24.24
1428890355082886710 1428890355081544038 1342672 24.25
1428890355110447560 1428890355110001489 446071 24.26
1428890355140540007 1428890355139948505 591502 24.26
1428890355170959775 1428890355168552368 2407407 24.27
1428890355199426358 1428890355198932190 494168 24.28
1428890355228101308 1428890355226467575 1633733 24.28
1428890355256389371 1428890355255134474 1254897 24.29
1428890355284381401 1428890355283408045 973356 24.30
1428890355312419661 1428890355311353009 1066652 24.31
1428890355340695326 1428890355340056984 638342 24.31
1428890355369610406 1428890355367799866 1810540 24.32
1428890355397053152 1428890355396606578 446574 24.33
1428890355425674327 1428890355424571735 1102592 24.33
1428890355454044375 1428890355452651343 1393032 24.34
1428890355482811034 1428890355481410739 1400295 24.35
1428890355510068802 1428890355509689942 378860 24.36
1428890356198222729 1428890356195172599 3050130 24.02
1428890356227260042 1428890356225326996 1933046 24.03
1428890356256293997 1428890356254446273 1847724 24.03
1428890356285076769 1428890356283391745 1685024 24.04
1428890356314713238 1428890356312255576 2457662 24.05
1428890356343335559 1428890356341837048 1498511 24.06
1428890356372032047 1428890356370800909 1231138 24.06
1428890356400085454 1428890356399155259 930195 24.07
1428890356429385081 1428890356427928143 1456938 24.08
1428890356460760428 1428890356456432774 4327654 24.08
1428890356489147208 1428890356488753157 394051 24.09
1428890356517109849 1428890356516765083 344766 24.10
1428890356544359639 1428890356543979976 379663 24.10
1428890356575572433 1428890356571320540 4251893 24.11
1428890356598619331 1428890356598088352 530979 24.12
1428890356625605991 1428890356624891307 714684 24.13
1428890356654297237 1428890356651915390 2381847 24.13
1428890356679786836 1428890356678957011 829825 24.14
1428890356707978614 1428890356705968293 2010321 24.15
1428890356733886448 1428890356733011230 875218 24.16
1428890356762996804 1428890356760032987 2963817 24.17
1428890356788610816 1428890356787090348 1520468 24.17
1428890356815080891 1428890356814487293 593598 24.18
1428890356842017251 1428890356841556501 460750 24.19
1428890356870230968 1428890356868960366 1270602 24.20
1428890356899806502 1428890356897384806 2421696 24.20
1428890356927248374 1428890356926837826 410548 24.21
1428890356955002335 1428890356954573982 428353 24.22
1428890356983635225 1428890356982064597 1570628 24.22
1428890357011527637 1428890357010913217 614420 24.23
1428890357039072202 1428890357038438899 633303 24.24
1428890357066494391 1428890357065931239 563152 24.25
1428890357093199469 1428890357092934259 265210 24.25
1428890357120401587 1428890357119699294 702293 24.26
1428890357147180519 1428890357146610028 570491 24.27
1428890357175005050 1428890357174300388 704662 24.28
1428890357202209469 1428890357201754419 455050 24.29
1428890357229164806 1428890357228631831 532975 24.29
1428890357256184972 1428890357255510258 674714 24.30
1428890357282690766 1428890357282325168 365598 24.31
1428890357310311190 1428890357309607990 703200 24.32
1428890357336964601 1428890357336510231 454370 24.32
1428890357363699766 1428890357363348238 351528 24.33
1428890357395152457 1428890357390760069 4392388 24.34
1428890357418302055 1428890357417770106 531949 24.35
1428890357447252191 1428890357445605097 1647094 24.35
1428890357473381915 1428890357472891785 490130 24.36
1428890358156006386 1428890358155787980 218406 24.04
1428890358183398696 1428890358182972515 426181 24.05
1428890358210583706 1428890358210252936 330770 24.06
1428890358237853402 1428890358237440916 412486 24.06
1428890358265237783 1428890358264794096 443687 24.07
1428890358296913910 1428890358295807599 1106311 24.08
1428890358328489441 1428890358326699372 1790069 24.08
1428890358356692515 1428890358356405651 286864 24.09
1428890358383806055 1428890358383516357 289698 24.10
1428890358417205487 1428890358416983116 222371 24.10
1428890358445906083 1428890358444257436 1648647 24.11
1428890358473556431 1428890358473049847 506584 24.11
1428890358504009884 1428890358503376588 633296 24.12
1428890358532508679 1428890358531609379 899300 24.13
1428890358561112390 1428890358559285698 1826692 24.13
1428890358586515211 1428890358586144890 370321 24.14
1428890358613464951 1428890358613361415 103536 24.15
1428890358641821975 1428890358641667383 154592 24.16
1428890358669822446 1428890358669607501 214945 24.16
1428890358697720672 1428890358697384933 335739 24.17
1428890358728327560 1428890358726960354 1367206 24.18
1428890358759814372 1428890358757533306 2281066 24.18
1428890358789904989 1428890358788814619 1090370 24.19
1428890358817129548 1428890358816891930 237618 24.19
1428890358854458422 1428890358854229782 228640 24.20
1428890358885380983 1428890358883413643 1967340 24.20
1428890358914115336 1428890358912496679 1618657 24.21
1428890358941606409 1428890358941052025 554384 24.22
1428890358969198551 1428890358968576922 621629 24.22
1428890358997797197 1428890358996076602 1720595 24.23
1428890359027467069 1428890359025468837 1998232 24.24
1428890359057339474 1428890359055160996 2178478 24.24
1428890359087141756 1428890359085101112 2040644 24.25
1428890359116671621 1428890359114262629 2408992 24.25
1428890359144049607 1428890359143663788 385819 24.26
1428890359171421175 1428890359170931180 489995 24.27
1428890359198691549 1428890359198223574 467975 24.27
1428890359226837963 1428890359226344356 493607 24.28
1428890359254416422 1428890359253765722 650700 24.29
1428890359282364623 1428890359281381182 983441 24.30
1428890359310992608 1428890359309411030 1581578 24.30
1428890359339666679 1428890359337964952 1701727 24.31
1428890359366942405 1428890359366582619 359786 24.32
1428890359394633872 1428890359393865712 768160 24.32
1428890359424845153 1428890359422759976 2085177 24.33
1428890359452702091 1428890359451912926 789165 24.33
1428890359483088044 1428890359479833415 3254629 24.34
1428890359512249133 1428890359510291134 1957999 24.35
1428890360204190628 1428890360202989217 1201411 24.04
1428890360231877593 1428890360231272560 605033 24.04
1428890360261270835 1428890360259032971 2237864 24.05
1428890360291006180 1428890360288652403 2353777 24.06
1428890360318297429 1428890360318051306 246123 24.06
1428890360345502019 1428890360345206825 295194 24.07
1428890360372708786 1428890360372403744 305042 24.08
1428890360400017703 1428890360399629781 387922 24.08
1428890360427246643 1428890360426892344 354299 24.09
1428890360454573808 1428890360454130924 442884 24.10
1428890360482433039 1428890360481781399 651640 24.11
1428890360509243123 1428890360508706679 536444 24.11
1428890360536029544 1428890360535573496 456048 24.12
1428890360563154057 1428890360562432701 721356 24.13
1428890360590274753 1428890360589405527 869226 24.13
1428890360617918963 1428890360616311434 1607529 24.14
1428890360644889851 1428890360643436715 1453136 24.15
1428890360672799527 1428890360670542094 2257433 24.16
1428890360700329273 1428890360699796282 532991 24.16
1428890360729149693 1428890360727393665 1756028 24.17
1428890360756836712 1428890360756308042 528670 24.18
1428890360784775586 1428890360783806567 969019 24.18
1428890360813177060 1428890360812879109 297951 24.19
1428890360840390826 1428890360840039620 351206 24.20
1428890360867768552 1428890360867259233 509319 24.20
1428890360896798638 1428890360894762441 2036197 24.21
1428890360924213624 1428890360923753718 459906 24.22
1428890360951543188 1428890360951068720 474468 24.22
1428890360981814127 1428890360979396142 2417985 24.23
1428890361009897883 1428890361009042743 855140 24.23
1428890361039391190 1428890361037072426 2318764 24.24
1428890361067370875 1428890361067000271 370604 24.25
1428890361094581962 1428890361094224351 357611 24.25
1428890361122013691 1428890361121519699 493992 24.26
1428890361150893137 1428890361149117366 1775771 24.27
1428890361178559452 1428890361177956631 602821 24.27
1428890361208755200 1428890361206235814 2519386 24.28
1428890361238035133 1428890361237434449 600684 24.28
1428890361266685534 1428890361265867077 818457 24.29
1428890361295803371 1428890361294792257 1011114 24.30
1428890361325221955 1428890361323610890 1611065 24.30
1428890361351180824 1428890361350466376 714448 24.31
1428890361380036754 1428890361377542205 2494549 24.32
1428890361410950630 1428890361408712772 2237858 24.32
1428890361439093405 1428890361438110144 983261 24.33
1428890361469222019 1428890361467306332 1915687 24.33
1428890361501427323 1428890361496882070 4545253 24.34
1428890362179162229 1428890362178885809 276420 24.05
1428890362206073285 1428890362205981161 92124 24.05
1428890362234970690 1428890362234683527 287163 24.06
1428890362263186831 1428890362261842203 1344628 24.07
1428890362292238873 1428890362290681966 1556907 24.07
1428890362323113919 1428890362322044795 1069124 24.08
1428890362351152310 1428890362350839875 312435 24.08
1428890362379177300 1428890362378675366 501934 24.09
1428890362405933865 1428890362405594155 339710 24.10
1428890362433182999 1428890362432792646 390353 24.11
1428890362460799024 1428890362460429952 369072 24.11
1428890362487694457 1428890362487286025 408432 24.12
1428890362515116733 1428890362514816033 300700 24.13
1428890362542037614 1428890362541631431 406183 24.13
1428890362568979171 1428890362568648363 330808 24.14
1428890362596015072 1428890362595855049 160023 24.15
1428890362624269784 1428890362623625998 643786 24.15
1428890362650952912 1428890362650589812 363100 24.16
1428890362678542716 1428890362677970001 572715 24.17
1428890362706321105 1428890362704858174 1462931 24.17
1428890362734472853 1428890362731952724 2520129 24.18
1428890362762615547 1428890362760100734 2514813 24.19
1428890362789707176 1428890362788169323 1537853 24.19
1428890362816305222 1428890362815984017 321205 24.20
1428890362844464738 1428890362844200749 263989 24.21
1428890362872043800 1428890362871665524 378276 24.21
1428890362900624339 1428890362900326339 298000 24.22
1428890362927674833 1428890362927457855 216978 24.23
1428890362954714126 1428890362954497691 216435 24.23
1428890362982039449 1428890362981627128 412321 24.24
1428890363011294229 1428890363009595324 1698905 24.24
1428890363038556403 1428890363038206821 349582 24.25
1428890363066302102 1428890363065714153 587949 24.26
1428890363096906596 1428890363093186152 3720444 24.26
1428890363121963962 1428890363120336027 1627935 24.27
1428890363147855983 1428890363147269705 586278 24.28
1428890363174406317 1428890363174049354 356963 24.28
1428890363201302963 1428890363200861621 441342 24.29
1428890363229057401 1428890363228394937 662464 24.30
1428890363257317195 1428890363255569634 1747561 24.30
1428890363285051193 1428890363284327764 723429 24.31
1428890363313570463 1428890363313269220 301243 24.32
1428890363340871101 1428890363340419741 451360 24.32
1428890363368036821 1428890363367646829 389992 24.33
1428890363397034191 1428890363395333083 1701108 24.34
1428890363423743076 1428890363423460811 282265 24.34
1428890363451331532 1428890363450766523 565009 24.35
1428890363477990166 1428890363477562372 427794 24.36
1428890364170214035 1428890364169876330 337705 24.07
1428890364201304247 1428890364201102747 201500 24.07
1428890364233330534 1428890364231620303 1710231 24.08
1428890364260641058 1428890364260390379 250679 24.09
1428890364287968934 1428890364287530105 438829 24.09
1428890364321247299 1428890364320933172 314127 24.10
1428890364348703325 1428890364348518938 184387 24.10
1428890364380544987 1428890364378275704 2269283 24.11
1428890364407744082 1428890364407381894 362188 24.11
1428890364438303427 1428890364436388127 1915300 24.12
1428890364466152433 1428890364465634257 518176 24.12
1428890364502239476 1428890364501968638 270838 24.13
1428890364529569696 1428890364529232585 337111 24.13
1428890364561028131 1428890364557798762 3229369 24.14
1428890364587514195 1428890364584865075 2649120 24.14
1428890364613097995 1428890364611702644 1395351 24.15
1428890364640528834 1428890364638661583 1867251 24.16
1428890364666121123 1428890364665511617 609506 24.17
1428890364694385753 1428890364692433680 1952073 24.17
1428890364725213606 1428890364723056955 2156651 24.18
1428890364752601491 1428890364752499233 102258 24.18
1428890364781237098 1428890364780950677 286421 24.19
1428890364808650682 1428890364808057042 593640 24.20
1428890364835457966 1428890364834890346 567620 24.20
1428890364862166342 1428890364861752621 413721 24.21
1428890364889948303 1428890364889686669 261634 24.21
1428890364920364419 1428890364918675592 1688827 24.22
1428890364947560658 1428890364947146566 414092 24.23
1428890364974413655 1428890364973967360 446295 24.23
1428890365001767383 1428890365001273494 493889 24.24
1428890365029948882 1428890365029486707 462175 24.25
1428890365060902540 1428890365059379383 1523157 24.25
1428890365088585479 1428890365088374811 210668 24.26
1428890365119522464 1428890365118950064 572400 24.26
1428890365148553885 1428890365148299691 254194 24.27
1428890365178744846 1428890365177089789 1655057 24.27
1428890365207288988 1428890365206038193 1250795 24.28
1428890365234795024 1428890365234265461 529563 24.28
1428890365264047604 1428890365262000040 2047564 24.29
1428890365291641143 1428890365291162755 478388 24.30
1428890365326787168 1428890365323345878 3441290 24.30
1428890365354845888 1428890365354010274 835614 24.30
1428890365382256278 1428890365381782862 473416 24.31
1428890365410006583 1428890365409188557 818026 24.32
1428890365439187256 1428890365437092723 2094533 24.32
1428890365466532745 1428890365466126778 405967 24.33
1428890365493849870 1428890365493416919 432951 24.33
1428890366177971256 1428890366177135800 835456 24.06
1428890366206023903 1428890366204946325 1077578 24.07
1428890366233300591 1428890366232906772 393819 24.08
1428890366268442383 1428890366266636939 1805444 24.08
1428890366297934495 1428890366296227146 1707349 24.08
1428890366325847984 1428890366325546784 301200 24.09
1428890366354751067 1428890366354417524 333543 24.10
1428890366381927588 1428890366381656148 271440 24.10
1428890366408941170 1428890366408720905 220265 24.11
1428890366436027281 1428890366435776173 251108 24.11
1428890366467001691 1428890366465467047 1534644 24.12
1428890366494959786 1428890366494112194 847592 24.13
1428890366523583675 1428890366523345555 238120 24.13
1428890366550759768 1428890366550471161 288607 24.14
1428890366579634626 1428890366577848217 1786409 24.14
1428890366607084003 1428890366606628992 455011 24.15
1428890366637157402 1428890366634786250 2371152 24.15
1428890366662289929 1428890366661806176 483753 24.16
1428890366689183649 1428890366688885027 298622 24.17
1428890366716032703 1428890366715777922 254781 24.17
1428890366743507150 1428890366743232170 274980 24.18
1428890366772957705 1428890366771757494 1200211 24.19
1428890366800996831 1428890366800847707 149124 24.19
1428890366828994191 1428890366828747241 246950 24.20
1428890366858573547 1428890366857718962 854585 24.20
1428890366888974278 1428890366887180520 1793758 24.21
1428890366914840604 1428890366914128971 711633 24.21
1428890366945008677 1428890366942895260 2113417 24.22
1428890366973350926 1428890366972964563 386363 24.22
1428890367000543804 1428890367000229807 313997 24.23
1428890367027693564 1428890367027359629 333935 24.24
1428890367054875521 1428890367054537249 338272 24.24
1428890367084136234 1428890367081833290 2302944 24.25
1428890367111451009 1428890367111101650 349359 24.26
1428890367140368687 1428890367139407977 960710 24.26
1428890367167510084 1428890367167226248 283836 24.27
1428890367195456452 1428890367194769309 687143 24.27
1428890367224518476 1428890367222748194 1770282 24.28
1428890367252660675 1428890367251426598 1234077 24.28
1428890367281776405 1428890367280831598 944807 24.29
1428890367311582566 1428890367309857233 1725333 24.29
1428890367340757104 1428890367338654232 2102872 24.30
1428890367371035661 1428890367369814635 1221026 24.30
1428890367400583062 1428890367398192573 2390489 24.31
1428890367432379213 1428890367427789771 4589442 24.31
1428890367461769974 1428890367461099313 670661 24.32
1428890367489190079 1428890367488750141 439938 24.32
1428890367525530862 1428890367525163956 366906 24.33
1428890368209355931 1428890368209142075 213856 24.07
1428890368237413998 1428890368237001046 412952 24.07
1428890368267894315 1428890368266623409 1270906 24.08
1428890368297318090 1428890368295813341 1504749 24.08
1428890368325494674 1428890368324361502 1133172 24.09
1428890368353009353 1428890368352458556 550797 24.09
1428890368380271084 1428890368379946469 324615 24.10
1428890368407647733 1428890368407596344 51389 24.10
1428890368435657153 1428890368434971455 685698 24.11
1428890368463511837 1428890368462674730 837107 24.12
1428890368492282324 1428890368490615114 1667210 24.12
1428890368518295411 1428890368517563745 731666 24.13
1428890368546029455 1428890368545031102 998353 24.13
1428890368572464603 1428890368571940901 523702 24.14
1428890368599242346 1428890368598820967 421379 24.15
1428890368627256593 1428890368626717129 539464 24.15
1428890368658691887 1428890368653989451 4702436 24.16
1428890368681415766 1428890368680926117 489649 24.17
1428890368710530598 1428890368709219442 1311156 24.17
1428890368737490530 1428890368736970725 519805 24.18
1428890368765495739 1428890368764777747 717992 24.18
1428890368793903559 1428890368793189616 713943 24.19
1428890368822176622 1428890368821733960 442662 24.19
1428890368850567133 1428890368849260869 1306264 24.20
1428890368879277838 1428890368878883569 394269 24.20
1428890368906796292 1428890368906180162 616130 24.21
1428890368935193014 1428890368933753135 1439879 24.22
1428890368963963293 1428890368962201051 1762242 24.22
1428890368991366798 1428890368990904047 462751 24.23
1428890369020231321 1428890369018499461 1731860 24.23
1428890369048890709 1428890369047246004 1644705 24.24
1428890369077862086 1428890369075995981 1866105 24.24
1428890369106144033 1428890369105598363 545670 24.25
1428890369134501168 1428890369133161576 1339592 24.25
1428890369161856768 1428890369161463609 393159 24.26
1428890369189724487 1428890369188825587 898900 24.27
1428890369219277725 1428890369217640261 1637464 24.27
1428890369247634473 1428890369247139998 494475 24.28
1428890369275814951 1428890369274512939 1302012 24.28
1428890369303417520 1428890369302845892 571628 24.29
1428890369330832646 1428890369330347147 485499 24.29
1428890369359011279 1428890369357666240 1345039 24.30
1428890369386204934 1428890369385868619 336315 24.30
1428890369414304968 1428890369413106393 1198575 24.31
1428890369442508198 1428890369441292068 1216130 24.32
1428890369470948703 1428890369469428648 1520055 24.32
1428890369497210139 1428890369496330728 879411 24.33
1428890370184255788 1428890370183683343 572445 24.07
1428890370213023704 1428890370211441617 1582087 24.08
1428890370240255621 1428890370239893817 361804 24.08
1428890370272052084 1428890370269869614 2182470 24.09
1428890370299230333 1428890370298984480 245853 24.09
1428890370326426080 1428890370326036221 389859 24.10
1428890370357492996 1428890370357358073 134923 24.10
1428890370386688598 1428890370386122706 565892 24.11
1428890370417176766 1428890370416941083 235683 24.11
1428890370444334009 1428890370444060727 273282 24.12
1428890370473278195 1428890370473081231 196964 24.13
1428890370501573030 1428890370501267836 305194 24.13
1428890370531080671 1428890370529599994 1480677 24.14
1428890370557509773 1428890370557017076 492697 24.14
1428890370585844688 1428890370585293402 551286 24.15
1428890370615189956 1428890370613121941 2068015 24.15
1428890370643049482 1428890370640719042 2330440 24.16
1428890370668145034 1428890370667670070 474964 24.17
1428890370696582716 1428890370695547342 1035374 24.17
1428890370726217159 1428890370724389956 1827203 24.18
1428890370757200239 1428890370754966701 2233538 24.18
1428890370784478126 1428890370784167896 310230 24.19
1428890370811534887 1428890370811295845 239042 24.19
1428890370838594566 1428890370838334858 259708 24.20
1428890370870310758 1428890370868096117 2214641 24.20
1428890370899540187 1428890370897539281 2000906 24.21
1428890370928386805 1428890370927955462 431343 24.21
1428890370956685761 1428890370955357890 1327871 24.22
1428890370985488777 1428890370983703996 1784781 24.22
1428890371014756092 1428890371012886627 1869465 24.23
1428890371044522308 1428890371043043112 1479196 24.23
1428890371073146690 1428890371071488337 1658353 24.24
1428890371102418744 1428890371100339011 2079733 24.24
1428890371129689267 1428890371129406785 282482 24.25
1428890371159009437 1428890371156777387 2232050 24.25
1428890371186398075 1428890371186010057 388018 24.26
1428890371213679498 1428890371213267366 412132 24.26
1428890371241556627 1428890371240697326 859301 24.27
1428890371270146337 1428890371268630756 1515581 24.27
1428890371298583043 1428890371298023065 559978 24.28
1428890371326750670 1428890371325599658 1151012 24.28
1428890371357905179 1428890371357409179 496000 24.29
1428890371390183592 1428890371388776724 1406868 24.29
1428890371419490977 1428890371417367999 2122978 24.30
1428890371448174203 1428890371447057308 1116895 24.30
1428890371475554229 1428890371475222117 332112 24.31
1428890371505115018 1428890371503021101 2093917 24.31
1428890372178275784 1428890372177999982 275802 24.07
1428890372205513407 1428890372205134874 378533 24.08
1428890372232726260 1428890372232378071 348189 24.08
1428890372260003001 1428890372259587412 415589 24.09
1428890372287076027 1428890372286826673 249354 24.10
1428890372314165407 1428890372313889043 276364 24.10
1428890372341286623 1428890372340972450 314173 24.11
1428890372373657596 1428890372373221162 436434 24.11
1428890372400800067 1428890372400498024 302043 24.12
1428890372430663928 1428890372427803414 2860514 24.12
1428890372461118059 1428890372459448638 1669421 24.13
1428890372492457012 1428890372491061708 1395304 24.13
1428890372522074273 1428890372520690628 1383645 24.14
1428890372551977334 1428890372549469203 2508131 24.14
1428890372577256876 1428890372576806201 450675 24.15
1428890372610086092 1428890372608120716 1965376 24.15
1428890372638369470 1428890372637711434 658036 24.15
1428890372666659516 1428890372665398355 1261161 24.16
1428890372694043922 1428890372693707849 336073 24.17
1428890372722796333 1428890372721127868 1668465 24.17
1428890372751441475 1428890372750212825 1228650 24.18
1428890372779215539 1428890372778526161 689378 24.18
1428890372806520812 1428890372806241113 279699 24.19
1428890372833779334 1428890372833391718 387616 24.19
1428890372862299280 1428890372860699823 1599457 24.20
1428890372890855947 1428890372889344226 1511721 24.20
1428890372919965824 1428890372919008205 957619 24.21
1428890372948236157 1428890372947872626 363531 24.21
1428890372975532936 1428890372975116019 416917 24.22
1428890373004864100 1428890373002542248 2321852 24.22
1428890373032931043 1428890373032199919 731124 24.23
1428890373059682339 1428890373059347207 335132 24.23
1428890373087537735 1428890373086677629 860106 24.24
1428890373114234152 1428890373113833715 400437 24.25
1428890373142013491 1428890373141368355 645136 24.25
1428890373168873057 1428890373168564693 308364 24.26
1428890373195828545 1428890373195366964 461581 24.26
1428890373222794045 1428890373222529007 265038 24.27
1428890373250507612 1428890373249785688 721924 24.27
1428890373278106237 1428890373276694133 1412104 24.28
1428890373308237971 1428890373304898447 3339524 24.28
1428890373333155578 1428890373332310784 844794 24.29
1428890373359690940 1428890373359074535 616405 24.30
1428890373386393351 1428890373385947878 445473 24.30
1428890373416484160 1428890373416015895 468265 24.31
1428890373445994940 1428890373445453874 541066 24.31
1428890373472889946 1428890373472376182 513764 24.32
1428890374153841219 1428890374152361560 1479659 24.08
1428890374181291068 1428890374180834692 456376 24.09
1428890374209919550 1428890374208170888 1748662 24.09
1428890374238396660 1428890374237042182 1354478 24.10
1428890374267120331 1428890374265394391 1725940 24.10
1428890374295783773 1428890374294118387 1665386 24.11
1428890374323119883 1428890374322730447 389436 24.11
1428890374350535630 1428890374350031440 504190 24.12
1428890374379160526 1428890374378523740 636786 24.12
1428890374406953532 1428890374405834729 1118803 24.13
1428890374434767319 1428890374432789799 1977520 24.13
1428890374463129065 1428890374461084643 2044422 24.14
1428890374489995147 1428890374487999789 1995358 24.14
1428890374517687170 1428890374516963067 724103 24.15
1428890374544668259 1428890374544145276 522983 24.15
1428890374571387043 1428890374571187113 199930 24.16
1428890374601065086 1428890374600647688 417398 24.16
1428890374629393724 1428890374628094140 1299584 24.17
1428890374656883162 1428890374655280105 1603057 24.17
1428890374684275237 1428890374683846401 428836 24.18
1428890374712119353 1428890374711700453 418900 24.19
1428890374740468584 1428890374739914703 553881 24.19
1428890374768969767 1428890374768387122 582645 24.20
1428890374855147018 1428890374854043943 1103075 24.19
1428890374883488632 1428890374882128443 1360189 24.20
1428890374911672467 1428890374910500992 1171475 24.20
1428890374939367212 1428890374938693948 673264 24.21
1428890374967009985 1428890374966371941 638044 24.21
1428890374995292055 1428890374993977224 1314831 24.22
1428890375022493518 1428890375022186089 307429 24.23
1428890375049934249 1428890375049410677 523572 24.23
1428890375077205680 1428890375076815534 390146 24.24
1428890375106215166 1428890375104413345 1801821 24.24
1428890375133869659 1428890375133263130 606529 24.25
1428890375162223737 1428890375161760588 463149 24.25
1428890375189426937 1428890375189075954 350983 24.26
1428890375216557641 1428890375216272256 285385 24.26
1428890375243659460 1428890375243381936 277524 24.27
1428890375270856885 1428890375270511677 345208 24.27
1428890375298078243 1428890375297718272 359971 24.28
1428890375327485693 1428890375325121459 2364234 24.28
1428890375355435386 1428890375355026369 409017 24.29
1428890375384594306 1428890375382440045 2154261 24.29
1428890375412955506 1428890375411473861 1481645 24.30
1428890375438968719 1428890375438372580 596139 24.30
1428890375465626398 1428890375465265848 360550 24.31
1428890376147394414 1428890376147013810 380604 24.08
1428890376177229982 1428890376175751214 1478768 24.08
1428890376204662427 1428890376204093089 569338 24.09
1428890376235177668 1428890376233352603 1825065 24.09
1428890376263985439 1428890376262243573 1741866 24.10
1428890376291791833 1428890376291102874 688959 24.10
1428890376318967807 1428890376318672853 294954 24.11
1428890376346140168 1428890376345791759 348409 24.11
1428890376373642691 1428890376373297387 345304 24.12
1428890376403409546 1428890376402565464 844082 24.12
1428890376439534803 1428890376437576988 1957815 24.13
1428890376466781892 1428890376466524277 257615 24.13
1428890376493801052 1428890376493575362 225690 24.14
1428890376521584078 1428890376521367258 216820 24.14
1428890376550187189 1428890376549953036 234153 24.15
1428890376583667263 1428890376583193992 473271 24.15
1428890376611418224 1428890376611078899 339325 24.16
1428890376638696160 1428890376638432912 263248 24.16
1428890376667728876 1428890376667504805 224071 24.17
1428890376694946612 1428890376694686517 260095 24.17
1428890376724138164 1428890376721799407 2338757 24.18
1428890376749203048 1428890376748585004 618044 24.18
1428890376780786659 1428890376776377089 4409570 24.18
1428890376861165973 1428890376857165412 4000561 24.19
1428890376885528855 1428890376883957352 1571503 24.19
1428890376911556696 1428890376910768544 788152 24.20
1428890376938522371 1428890376937605072 917299 24.20
1428890376966444023 1428890376964549314 1894709 24.21
1428890376993177422 1428890376991391147 1786275 24.21
1428890377019444829 1428890377018229704 1215125 24.22
1428890377052918525 1428890377045654725 7263800 24.22
1428890377078003518 1428890377073150863 4852655 24.23
1428890377102812162 1428890377101117139 1695023 24.23
1428890377130165914 1428890377128058551 2107363 24.24
1428890377157486540 1428890377154973197 2513343 24.24
1428890377184384638 1428890377182029619 2355019 24.25
1428890377210888281 1428890377209319752 1568529 24.26
1428890377238499024 1428890377236279561 2219463 24.26
1428890377265211691 1428890377263659672 1552019 24.27
1428890377292937972 1428890377292279664 658308 24.27
1428890377323220208 1428890377321970271 1249937 24.28
1428890377353517913 1428890377353198189 319724 24.28
1428890377382426565 1428890377380792676 1633889 24.28
1428890377410065527 1428890377409624374 441153 24.29
1428890377439238696 1428890377438209860 1028836 24.29
1428890377468759372 1428890377468315866 443506 24.30
1428890378138106482 1428890378137667623 438859 24.08
1428890378166061793 1428890378165523145 538648 24.09
1428890378194148704 1428890378193831973 316731 24.09
1428890378222911058 1428890378222451359 459699 24.10
1428890378251249155 1428890378249951801 1297354 24.10
1428890378278443330 1428890378278210955 232375 24.11
1428890378305556332 1428890378305308077 248255 24.11
1428890378333643546 1428890378333149879 493667 24.12
1428890378364732589 1428890378363930439 802150 24.12
1428890378392648851 1428890378391701322 947529 24.12
1428890378420031594 1428890378418640167 1391427 24.13
1428890378447099856 1428890378445535238 1564618 24.14
1428890378473876805 1428890378472821554 1055251 24.14
1428890378502865528 1428890378500550130 2315398 24.15
1428890378529686685 1428890378527664603 2022082 24.15
1428890378556013927 1428890378554843824 1170103 24.16
1428890378583491287 1428890378581686428 1804859 24.16
1428890378610182033 1428890378608526934 1655099 24.17
1428890378637579854 1428890378635467252 2112602 24.17
1428890378663911073 1428890378662954159 956914 24.18
1428890378692319537 1428890378691251734 1067803 24.18
1428890378720653987 1428890378720352974 301013 24.19
1428890378753594452 1428890378753364035 230417 24.19
1428890378835818708 1428890378835699866 118842 24.19
1428890378868665508 1428890378868403517 261991 24.19
1428890378896781663 1428890378896581855 199808 24.20
1428890378926636411 1428890378926036692 599719 24.20
1428890378961275356 1428890378961217138 58218 24.20
1428890378992855306 1428890378990194593 2660713 24.21
1428890379018413721 1428890379018062725 350996 24.21
1428890379046264819 1428890379045989369 275450 24.22
1428890379073410186 1428890379073130857 279329 24.22
1428890379100641356 1428890379100346011 295345 24.23
1428890379129133865 1428890379128949036 184829 24.23
1428890379160201110 1428890379158243783 1957327 24.24
1428890379188803704 1428890379187671013 1132691 24.24
1428890379216230146 1428890379215773603 456543 24.25
1428890379244991087 1428890379243502108 1488979 24.25
1428890379272840370 1428890379272082544 757826 24.26
1428890379301781642 1428890379299871115 1910527 24.26
1428890379329407474 1428890379328811275 596199 24.26
1428890379358786919 1428890379357458210 1328709 24.27
1428890379386429939 1428890379385755635 674304 24.27
1428890379414820353 1428890379413428818 1391535 24.28
1428890379442359352 1428890379441776590 582762 24.28
1428890379469668094 1428890379469200644 467450 24.29
1428890380156278070 1428890380155777553 500517 24.07
1428890380184858069 1428890380183415367 1442702 24.08
1428890380213153713 1428890380211826166 1327547 24.08
1428890380240706925 1428890380240095973 610952 24.09
1428890380268865052 1428890380268438028 427024 24.09
1428890380296035507 1428890380295722673 312834 24.10
1428890380323264931 1428890380322898783 366148 24.10
1428890380352556668 1428890380352280618 276050 24.11
1428890380386434432 1428890380384967516 1466916 24.11
1428890380415573222 1428890380414313958 1259264 24.11
1428890380448006062 1428890380446135913 1870149 24.12
1428890380475280368 1428890380474962255 318113 24.12
1428890380507995699 1428890380506329427 1666272 24.12
1428890380535184704 1428890380534873546 311158 24.13
1428890380567281545 1428890380565074417 2207128 24.13
1428890380594612429 1428890380594261590 350839 24.14
1428890380621989207 1428890380621446866 542341 24.14
1428890380649564074 1428890380648290574 1273500 24.15
1428890380677210353 1428890380675610177 1600176 24.15
1428890380705625378 1428890380704238873 1386505 24.16
1428890380733869994 1428890380732675074 1194920 24.16
1428890380763424176 1428890380760880443 2543733 24.17
1428890380791429042 1428890380790563354 865688 24.17
1428890380819380612 1428890380818813401 567211 24.18
1428890380848093443 1428890380847747376 346067 24.18
1428890380875272959 1428890380875131216 141743 24.18
1428890380902783270 1428890380902080086 703184 24.19
1428890380931394199 1428890380929820032 1574167 24.19
1428890380958996895 1428890380958396628 600267 24.20
1428890380986743874 1428890380986009498 734376 24.20
1428890381014156132 1428890381013751149 404983 24.21
1428890381042645918 1428890381041855471 790447 24.21
1428890381071143731 1428890381070798140 345591 24.22
1428890381098476815 1428890381098043523 433292 24.22
1428890381125772899 1428890381125305554 467345 24.23
1428890381155165449 1428890381153454883 1710566 24.23
1428890381182813533 1428890381182223846 589687 24.24
1428890381210200993 1428890381209708750 492243 24.24
1428890381239016202 1428890381237705118 1311084 24.25
1428890381269104547 1428890381266163797 2940750 24.25
1428890381298629646 1428890381296262303 2367343 24.25
1428890381326895713 1428890381326395578 500135 24.26
1428890381354934270 1428890381353772175 1162095 24.26
1428890381384023304 1428890381382010738 2012566 24.27
1428890381412044405 1428890381411697537 346868 24.27
1428890381439396256 1428890381438910498 485758 24.28
1428890381467670242 1428890381466211460 1458782 24.28
1428890381504514092 1428890381502682002 1832090 24.28
1428890382184041006 1428890382183698140 342866 24.08
1428890382211150489 1428890382210882321 268168 24.08
1428890382239055589 1428890382238138757 916832 24.08
1428890382267821215 1428890382267328668 492547 24.09
1428890382296991378 1428890382294922756 2068622 24.09
