natCapacity msgLatency
1 2
2 2
3 1
4 2
5 2
6 4
7 2
8 2
9 1
10 2
11 3
12 2
13 3
14 1
15 2
16 1
17 2
18 4
19 3
20 3
21 2
22 2
23 2
24 1
25 2
26 2
27 1
28 3
29 1
30 2
31 3
32 2
33 3
34 3
35 2
36 1
37 2
38 2
39 2
40 2
41 2
42 2
43 1
44 3
45 2
46 1
47 2
48 3
49 2
50 2
51 2
52 2
53 2
54 2
55 2
56 2
57 3
58 1
59 2
60 2
61 3
62 1
63 3
64 2
65 2
66 1
67 3
68 1
69 1
70 2
71 1
72 1
73 1
74 2
75 2
76 2
77 4
78 1
79 3
80 3
81 1
82 2
83 1
84 1
85 5
86 1
87 3
88 4
89 1
90 4
91 3
92 1
93 1
94 17
95 1
96 2
97 2
98 1
99 2
100 1
101 2
102 2
103 2
104 1
105 4
106 2
107 2
108 2
109 1
110 4
111 1
112 2
113 1
114 2
115 2
116 2
117 2
118 3
119 2
120 2
121 2
122 3
123 2
124 2
125 2
126 1
127 2
128 1
129 2
130 5
131 2
132 2
133 1
134 2
135 2
136 1
137 2
138 3
139 2
140 2
141 1
142 1
143 1
144 2
145 3
146 2
147 2
148 1
149 2
150 3
151 2
152 1
153 1
154 1
155 2
156 1
157 1
158 2
159 1
160 2
161 2
162 2
163 4
164 1
165 3
166 1
167 1
168 2
169 1
170 2
171 1
172 1
173 2
174 3
175 3
176 2
177 1
178 2
179 2
180 2
181 2
182 2
183 1
184 3
185 1
186 1
187 2
188 1
189 1
190 2
191 2
192 2
193 2
194 3
195 2
196 1
197 2
198 2
199 1
200 3
201 2
202 2
203 1
204 1
205 2
206 2
207 3
208 2
209 3
210 1
211 3
212 1
213 2
214 16
215 2
216 2
217 1
218 1
219 2
220 2
221 3
222 3
223 2
224 2
225 1
226 3
227 1
228 2
229 1
230 2
231 2
232 3
233 2
234 2
235 2
236 1
237 2
238 1
239 2
240 6
241 2
242 4
243 2
244 2
245 2
246 2
247 2
248 2
249 2
250 3
251 2
252 1
253 3
254 1
255 2
256 3
257 1
258 1
259 1
260 1
261 3
262 1
263 3
264 3
265 1
266 2
267 2
268 2
269 2
270 2
271 1
272 2
273 3
274 1
275 2
276 3
277 1
278 1
279 1
280 3
281 1
282 2
283 2
284 2
285 2
286 1
287 1
288 1
289 2
290 1
291 1
292 3
293 1
294 2
295 2
296 1
297 2
298 2
299 3
300 2
301 1
302 3
303 2
304 2
305 4
306 2
307 2
308 2
309 2
310 3
311 1
312 1
313 1
314 1
315 2
316 3
317 3
318 1
319 4
320 2
321 1
322 2
323 3
324 1
325 3
326 1
327 2
328 2
329 2
330 1
331 3
332 1
333 1
334 17
335 1
336 1
337 2
338 2
339 2
340 2
341 1
342 4
343 2
344 1
345 3
346 2
347 3
348 1
349 2
350 1
351 2
352 2
353 2
354 2
355 2
356 3
357 2
358 3
359 3
360 1
361 1
362 4
363 2
364 2
365 2
366 1
367 2
368 1
369 1
370 1
371 1
372 2
373 1
374 2
375 1
376 2
377 2
378 2
379 1
380 3
381 1
382 1
383 3
384 2
385 2
386 3
387 1
388 1
389 2
390 2
391 2
392 3
393 2
394 2
395 1
396 2
397 2
398 2
399 1
400 1
401 2
402 2
403 2
404 1
405 1
406 1
407 2
408 2
409 1
410 3
411 2
412 1
413 2
414 2
415 3
416 2
417 2
418 2
419 3
420 2
421 4
422 2
423 2
424 2
425 2
426 2
427 2
428 2
429 2
430 1
431 4
432 2
433 2
434 1
435 4
436 1
437 3
438 1
439 3
440 2
441 3
442 2
443 2
444 1
445 4
446 1
447 1
448 3
449 2
450 2
451 1
452 1
453 3
454 2
455 3
456 3
457 1
458 1
459 1
460 2
461 1
462 2
463 2
464 1
465 2
466 2
467 1
468 2
469 1
470 1
471 2
472 3
473 1
474 2
475 1
476 2
477 2
478 2
479 2
480 2
481 2
482 1
483 4
484 1
485 1
486 2
487 1
488 2
489 2
490 1
491 2
492 2
493 2
494 3
495 1
496 2
497 2
498 2
499 2
500 2
501 3
502 2
503 2
504 2
505 2
506 2
507 2
508 1
509 1
510 1
511 1
512 1
513 2
514 2
515 2
516 2
517 2
518 1
519 2
520 2
521 2
522 1
523 3
524 2
525 2
526 2
527 1
528 3
529 2
530 3
531 3
532 1
533 2
534 1
535 3
536 1
537 2
538 1
539 1
540 2
541 1
542 1
543 2
544 1
545 1
546 4
547 2
548 2
549 2
550 2
551 1
552 2
553 3
554 3
555 2
556 3
557 3
558 1
559 3
560 2
561 1
562 3
563 1
564 2
565 2
566 3
567 3
568 2
569 2
570 1
571 2
572 2
573 1
574 5
575 2
576 2
577 2
578 3
579 2
580 2
581 2
582 2
583 2
584 3
585 2
586 2
587 1
588 2
589 2
590 2
591 1
592 2
593 2
594 2
595 2
596 2
597 2
598 2
599 1
600 2
601 3
602 2
603 3
604 1
605 2
606 1
607 1
608 2
609 2
610 1
611 2
612 1
613 2
614 1
615 2
616 2
617 2
618 2
619 2
620 3
621 2
622 1
623 1
624 2
625 1
626 1
627 2
628 2
629 1
630 2
631 1
632 2
633 1
634 2
635 3
636 1
637 1
638 1
639 3
640 1
641 1
642 3
643 2
644 2
645 2
646 3
647 2
648 1
649 4
650 2
651 2
652 1
653 2
654 2
655 1
656 1
657 1
658 1
659 2
660 3
661 3
662 4
663 1
664 1
665 3
666 1
667 1
668 1
669 3
670 1
671 1
672 6
673 2
674 2
675 1
676 3
677 2
678 2
679 1
680 2
681 2
682 4
683 3
684 2
685 1
686 1
687 2
688 2
689 3
690 2
691 1
692 1
693 2
694 1
695 4
696 9
697 1
698 1
699 1
700 2
701 1
702 1
703 3
704 2
705 2
706 2
707 2
708 1
709 2
710 2
711 1
712 1
713 1
714 2
715 2
716 1
717 2
718 2
719 1
720 3
721 2
722 2
723 3
724 5
725 1
726 1
727 3
728 1
729 1
730 2
731 2
732 1
733 2
734 2
735 2
736 2
737 2
738 2
739 2
740 2
741 2
742 1
743 1
744 1
745 3
746 2
747 1
748 1
749 2
750 3
751 1
752 2
753 2
754 2
755 2
756 2
757 2
758 2
759 1
760 3
761 2
762 2
763 3
764 2
765 3
766 2
767 2
768 4
769 2
770 2
771 1
772 1
773 3
774 2
775 3
776 1
777 2
778 2
779 2
780 3
781 1
782 1
783 1
784 1
785 3
786 2
787 1
788 2
789 2
790 4
791 2
792 2
793 1
794 2
795 1
796 2
797 3
798 1
799 3
800 3
801 1
802 2
803 3
804 1
805 3
806 2
807 2
808 2
809 2
810 4
811 2
812 1
813 3
814 2
815 2
816 2
817 2
818 1
819 1
820 2
821 1
822 1
823 2
824 2
825 1
826 2
827 2
828 1
829 3
830 2
831 2
832 2
833 3
834 1
835 2
836 3
837 2
838 2
839 1
840 2
841 4
842 1
843 1
844 1
845 2
846 2
847 2
848 1
849 2
850 1
851 2
852 3
853 1
854 2
855 2
856 2
857 2
858 1
859 2
860 1
861 4
862 3
863 1
864 2
865 1
866 2
867 1
868 2
869 2
870 3
871 2
872 1
873 1
874 2
875 1
876 2
877 3
878 1
879 1
880 1
881 3
882 1
883 2
884 2
885 6
886 2
887 2
888 2
889 2
890 1
891 1
892 2
893 3
894 1
895 2
896 2
897 1
898 1
899 3
900 2
901 2
902 2
903 1
904 3
905 1
906 2
907 3
908 1
909 2
910 2
911 1
912 3
913 1
914 2
915 1
916 1
917 2
918 1
919 1
920 2
921 2
922 1
923 3
924 2
925 2
926 2
927 1
928 3
929 2
930 2
931 3
932 1
933 2
934 1
935 2
936 1
937 3
938 2
939 2
940 1
941 2
942 2
943 2
944 2
945 1
946 1
947 4
948 1
949 2
950 2
951 1
952 2
953 3
954 1
955 3
956 2
957 2
958 6
959 2
960 3
961 1
962 1
963 1
964 2
965 2
966 2
967 2
968 1
969 3
970 2
971 1
972 3
973 1
974 1
975 1
976 2
977 2
978 2
979 2
980 2
981 1
982 1
983 3
984 2
985 2
986 2
987 1
988 2
989 3
990 2
991 4
992 2
993 1
994 2
995 2
996 2
997 3
998 2
999 2
1000 2
1001 2
1002 2
1003 1
1004 2
1005 2
1006 1
1007 2
1008 2
1009 1
1010 3
1011 2
1012 1
1013 3
1014 2
1015 1
1016 3
1017 1
1018 3
1019 2
1020 1
1021 2
1022 2
1023 2
1024 2
1025 2
1026 3
1027 1
1028 1
1029 3
1030 1
1031 1
1032 2
1033 3
1034 1
1035 1
1036 2
1037 1
1038 2
1039 2
1040 1
1041 1
1042 2
1043 3
1044 2
1045 2
1046 3
1047 1
1048 2
1049 2
1050 2
1051 1
1052 1
1053 2
1054 15
1055 1
1056 1
1057 2
1058 4
1059 1
1060 2
1061 2
1062 1
1063 2
1064 2
1065 1
1066 3
1067 1
1068 2
1069 2
1070 1
1071 2
1072 1
1073 1
1074 2
1075 1
1076 1
1077 2
1078 2
1079 1
1080 2
1081 2
1082 1
1083 2
1084 1
1085 1
1086 1
1087 3
1088 3
1089 2
1090 1
1091 2
1092 1
1093 2
1094 1
1095 2
1096 3
1097 2
1098 1
1099 3
1100 2
1101 2
1102 3
1103 0
1104 1
1105 1
1106 1
1107 2
1108 3
1109 2
1110 2
1111 2
1112 2
1113 4
1114 2
1115 1
1116 1
1117 2
1118 2
1119 2
1120 2
1121 1
1122 3
1123 2
1124 2
1125 1
1126 1
1127 2
1128 3
1129 2
1130 1
1131 3
1132 1
1133 1
1134 3
1135 3
1136 1
1137 1
1138 2
1139 2
1140 1
1141 1
1142 1
1143 1
1144 2
1145 3
1146 1
1147 3
1148 2
1149 1
1150 3
1151 2
1152 1
1153 3
1154 2
1155 2
1156 2
1157 2
1158 1
1159 3
1160 2
1161 2
1162 2
1163 1
1164 2
1165 2
1166 2
1167 2
1168 3
1169 1
1170 1
1171 2
1172 2
1173 2
1174 17
1175 1
1176 1
1177 1
1178 2
1179 1
1180 1
1181 3
1182 2
1183 2
1184 2
1185 2
1186 3
1187 2
1188 1
1189 3
1190 2
1191 2
1192 2
1193 1
1194 3
1195 2
1196 1
1197 3
1198 2
1199 1
1200 3
1201 2
1202 2
1203 3
1204 1
1205 2
1206 2
1207 1
1208 1
1209 1
1210 1
1211 2
1212 2
1213 2
1214 2
1215 1
1216 2
1217 1
1218 1
1219 3
1220 2
1221 2
1222 1
1223 2
1224 3
1225 1
1226 2
1227 2
1228 1
1229 2
1230 3
1231 1
1232 2
1233 2
1234 1
1235 2
1236 2
1237 2
1238 2
1239 1
1240 1
1241 1
1242 2
1243 2
1244 4
1245 1
1246 2
1247 6
1248 2
1249 2
1250 2
1251 3
1252 2
1253 1
1254 3
1255 1
1256 1
1257 1
1258 1
1259 1
1260 1
1261 2
1262 2
1263 4
1264 1
1265 1
1266 2
1267 2
1268 2
1269 1
1270 2
1271 2
1272 1
1273 2
1274 3
1275 1
1276 1
1277 2
1278 1
1279 2
1280 1
1281 2
1282 2
1283 1
1284 1
1285 4
1286 2
1287 1
1288 1
1289 2
1290 3
1291 2
1292 2
1293 2
1294 1
1295 2
1296 2
1297 1
1298 2
1299 1
1300 2
1301 2
1302 2
1303 2
1304 2
1305 1
1306 3
1307 1
1308 3
1309 2
1310 1
1311 2
1312 3
1313 3
1314 1
1315 3
1316 1
1317 1
1318 1
1319 1
1320 2
1321 3
1322 1
1323 3
1324 2
1325 2
1326 1
1327 2
1328 3
1329 1
1330 2
1331 2
1332 2
1333 2
1334 3
1335 1
1336 1
1337 2
1338 2
1339 2
1340 1
1341 5
1342 1
1343 3
1344 1
1345 1
1346 2
1347 4
1348 2
1349 2
1350 2
1351 2
1352 2
1353 2
1354 2
1355 3
1356 1
1357 5
1358 2
1359 2
1360 2
1361 1
1362 1
1363 1
1364 2
1365 2
1366 2
1367 5
1368 2
1369 2
1370 2
1371 2
1372 2
1373 1
1374 3
1375 2
1376 1
1377 2
1378 1
1379 3
1380 3
1381 1
1382 1
1383 1
1384 2
1385 2
1386 3
1387 1
1388 2
1389 1
1390 3
1391 2
1392 2
1393 2
1394 2
1395 1
1396 1
1397 3
1398 1
1399 3
1400 1
1401 2
1402 2
1403 2
1404 2
1405 4
1406 2
1407 2
1408 2
1409 2
1410 2
1411 3
1412 1
1413 1
1414 2
1415 1
1416 1
1417 3
1418 2
1419 1
1420 2
1421 3
1422 2
1423 2
1424 2
1425 2
1426 1
1427 3
1428 2
1429 2
1430 2
1431 1
1432 2
1433 1
1434 2
1435 4
1436 2
1437 2
1438 2
1439 2
1440 2
1441 3
1442 3
1443 1
1444 2
1445 1
1446 2
1447 2
1448 2
1449 1
1450 1
1451 4
1452 1
1453 2
1454 3
1455 1
1456 2
1457 3
1458 1
1459 3
1460 2
1461 2
1462 3
1463 2
1464 3
1465 3
1466 2
1467 1
1468 2
1469 2
1470 1
1471 4
1472 2
1473 2
1474 2
1475 1
1476 7
1477 2
1478 2
1479 3
1480 2
1481 4
1482 1
1483 1
1484 4
1485 2
1486 2
1487 2
1488 1
1489 2
1490 2
1491 2
1492 3
1493 2
1494 1
1495 2
1496 3
1497 2
1498 3
1499 1
1500 3
1501 2
1502 1
1503 3
1504 1
1505 3
1506 2
1507 2
1508 3
1509 2
1510 3
1511 1
1512 1
1513 3
1514 2
1515 2
1516 3
1517 2
1518 2
1519 1
1520 2
1521 3
1522 2
1523 2
1524 1
1525 2
1526 2
1527 1
1528 3
1529 3
1530 3
1531 3
1532 2
1533 2
1534 23
1535 2
1536 2
1537 2
1538 1
1539 2
1540 1
1541 2
1542 2
1543 2
1544 3
1545 1
1546 2
1547 2
1548 2
1549 1
1550 3
1551 2
1552 2
1553 2
1554 3
1555 2
1556 3
1557 2
1558 2
1559 2
1560 3
1561 2
1562 3
1563 2
1564 2
1565 2
1566 2
1567 1
1568 2
1569 8
1570 1
1571 1
1572 3
1573 3
1574 2
1575 1
1576 1
1577 2
1578 2
1579 1
1580 3
1581 1
1582 1
1583 3
1584 2
1585 2
1586 2
1587 2
1588 2
1589 1
1590 2
1591 3
1592 2
1593 1
1594 1
1595 3
1596 1
1597 2
1598 2
1599 2
1600 2
1601 2
1602 2
1603 2
1604 3
1605 2
1606 2
1607 3
1608 1
1609 1
1610 1
1611 3
1612 2
1613 3
1614 1
1615 1
1616 3
1617 1
1618 3
1619 1
1620 1
1621 5
1622 1
1623 1
1624 3
1625 2
1626 2
1627 4
1628 1
1629 2
1630 2
1631 2
1632 1
1633 2
1634 2
1635 2
1636 2
1637 2
1638 4
1639 2
1640 2
1641 1
1642 1
1643 3
1644 1
1645 2
1646 3
1647 1
1648 2
1649 3
1650 4
1651 2
1652 3
1653 3
1654 2
1655 2
1656 2
1657 1
1658 2
1659 3
1660 3
1661 1
1662 4
1663 2
1664 1
1665 1
1666 1
1667 2
1668 3
1669 1
1670 1
1671 2
1672 2
1673 2
1674 2
1675 3
1676 2
1677 3
1678 3
1679 2
1680 1
1681 1
1682 1
1683 2
1684 1
1685 1
1686 4
1687 2
1688 2
1689 2
1690 3
1691 3
1692 2
1693 2
1694 1
1695 3
1696 2
1697 3
1698 1
1699 1
1700 3
1701 2
1702 2
1703 2
1704 2
1705 2
1706 1
1707 1
1708 4
1709 2
1710 2
1711 2
1712 3
1713 2
1714 3
1715 2
1716 2
1717 2
1718 1
1719 1
1720 3
1721 2
1722 2
1723 2
1724 2
1725 1
1726 3
1727 2
1728 3
1729 2
1730 1
1731 1
1732 2
1733 1
1734 1
1735 2
1736 1
1737 3
1738 2
1739 1
1740 1
1741 2
1742 1
1743 2
1744 3
1745 2
1746 2
1747 1
1748 2
1749 1
1750 2
1751 2
1752 2
1753 2
1754 2
1755 1
1756 1
1757 2
1758 2
1759 3
1760 2
1761 2
1762 2
1763 2
1764 2
1765 2
1766 2
1767 3
1768 1
1769 1
1770 2
1771 4
1772 2
1773 1
1774 2
1775 1
1776 2
1777 3
1778 2
1779 1
1780 2
1781 2
1782 2
1783 2
1784 3
1785 2
1786 1
1787 1
1788 2
1789 3
1790 2
1791 1
1792 3
1793 1
1794 3
1795 2
1796 2
1797 2
1798 3
1799 2
1800 2
1801 2
1802 2
1803 1
1804 2
1805 1
1806 2
1807 2
1808 2
1809 2
1810 2
1811 3
1812 1
1813 4
1814 1
1815 2
1816 2
1817 1
1818 2
1819 3
1820 2
1821 2
1822 2
1823 2
1824 1
1825 2
1826 2
1827 4
1828 1
1829 2
1830 1
1831 2
1832 1
1833 4
1834 2
1835 2
1836 2
1837 4
1838 3
1839 2
1840 1
1841 1
1842 2
1843 2
1844 2
1845 3
1846 1
1847 2
1848 1
1849 1
1850 2
1851 2
1852 2
1853 3
1854 1
1855 3
1856 3
1857 2
1858 1
1859 3
1860 2
1861 1
1862 2
1863 1
1864 1
1865 3
1866 1
1867 1
1868 2
1869 1
1870 2
1871 1
1872 2
1873 1
1874 3
1875 1
1876 1
1877 2
1878 1
1879 2
1880 2
1881 1
1882 1
1883 3
1884 1
1885 1
1886 3
1887 2
1888 2
1889 3
1890 1
1891 1
1892 2
1893 2
1894 2
1895 2
1896 2
1897 1
1898 2
1899 2
1900 2
1901 2
1902 1
1903 1
1904 1
1905 3
1906 1
1907 2
1908 4
1909 1
1910 2
1911 1
1912 2
1913 2
1914 2
1915 3
1916 2
1917 1
1918 2
1919 1
1920 1
1921 3
1922 2
1923 2
1924 2
1925 2
1926 2
1927 1
1928 2
1929 1
1930 2
1931 3
1932 2
1933 2
1934 1
1935 1
1936 3
1937 1
1938 1
1939 2
1940 1
1941 2
1942 1
1943 5
1944 2
1945 4
1946 2
1947 1
1948 1
1949 1
1950 2
1951 2
1952 2
1953 2
1954 1
1955 2
1956 2
1957 2
1958 3
1959 1
1960 1
1961 3
1962 1
1963 2
1964 1
1965 2
1966 3
1967 2
1968 2
1969 2
1970 1
1971 2
1972 1
1973 2
1974 1
1975 3
1976 3
1977 2
1978 1
1979 1
1980 3
1981 2
1982 2
1983 1
1984 1
1985 1
1986 3
1987 1
1988 1
1989 2
1990 1
1991 2
1992 1
1993 1
1994 3
1995 2
1996 2
1997 3
1998 2
1999 2
2000 2
2001 3
2002 2
2003 2
2004 2
2005 1
2006 3
2007 2
2008 2
2009 2
2010 1
2011 3
2012 1
2013 1
2014 1
2015 2
2016 3
2017 2
2018 2
2019 1
2020 2
2021 3
2022 2
2023 2
2024 3
2025 1
2026 1
2027 3
2028 2
2029 2
2030 3
2031 2
2032 2
2033 2
2034 1
2035 1
2036 3
2037 2
2038 1
2039 2
2040 2
2041 1
2042 2
2043 1
2044 3
2045 2
2046 1
2047 4
2048 1
2049 1
2050 4
2051 2
2052 1
2053 2
2054 1
2055 1
2056 3
2057 1
2058 2
2059 2
2060 1
2061 3
2062 1
2063 2
2064 2
2065 2
2066 1
2067 1
2068 2
2069 3
2070 2
2071 3
2072 1
2073 2
2074 3
2075 2
2076 2
2077 1
2078 3
2079 1
2080 1
2081 2
2082 2
2083 2
2084 2
2085 2
2086 1
2087 3
2088 2
2089 2
2090 1
2091 2
2092 1
2093 2
2094 2
2095 1
2096 2
2097 2
2098 3
2099 1
2100 1
2101 2
2102 1
2103 1
2104 2
2105 1
2106 1
2107 2
2108 1
2109 3
2110 3
2111 3
2112 2
2113 1
2114 1
2115 2
2116 2
2117 2
2118 2
2119 2
2120 2
2121 1
2122 2
2123 1
2124 1
2125 2
2126 2
2127 1
2128 1
2129 2
2130 2
2131 1
2132 3
2133 2
2134 17
2135 2
2136 2
2137 1
2138 1
2139 2
2140 2
2141 2
2142 3
2143 2
2144 1
2145 2
2146 2
2147 3
2148 1
2149 1
2150 1
2151 2
2152 3
2153 1
2154 1
2155 1
2156 1
2157 2
2158 2
2159 2
2160 2
2161 1
2162 2
2163 2
2164 3
2165 1
2166 3
2167 2
2168 3
2169 2
2170 5
2171 2
2172 1
2173 3
2174 1
2175 1
2176 3
2177 2
2178 1
2179 2
2180 2
2181 2
2182 2
2183 1
2184 1
2185 2
2186 1
2187 3
2188 2
2189 2
2190 1
2191 2
2192 3
2193 2
2194 1
2195 1
2196 2
2197 3
2198 2
2199 2
2200 2
2201 1
2202 3
2203 3
2204 2
2205 2
2206 3
2207 1
2208 2
2209 3
2210 1
2211 2
2212 3
2213 1
2214 2
2215 4
2216 2
2217 1
2218 3
2219 2
2220 2
2221 3
2222 2
2223 1
2224 1
2225 2
2226 2
2227 1
2228 1
2229 3
2230 1
2231 1
2232 2
2233 2
2234 1
2235 1
2236 1
2237 2
2238 3
2239 2
2240 1
2241 3
2242 2
2243 2
2244 2
2245 1
2246 1
2247 4
2248 2
2249 1
2250 2
2251 2
2252 2
2253 2
2254 15
2255 1
2256 3
2257 2
2258 2
2259 2
2260 1
2261 1
2262 2
2263 2
2264 4
2265 3
2266 3
2267 2
2268 1
2269 2
2270 4
2271 3
2272 1
2273 3
2274 1
2275 1
2276 1
2277 2
2278 2
2279 1
2280 2
2281 2
2282 2
2283 1
2284 2
2285 3
2286 2
2287 1
2288 2
2289 4
2290 2
2291 2
2292 3
2293 1
2294 1
2295 2
2296 2
2297 2
2298 1
2299 3
2300 2
2301 3
2302 2
2303 2
2304 2
2305 3
2306 1
2307 2
2308 1
2309 1
2310 1
2311 1
2312 2
2313 3
2314 2
2315 2
2316 2
2317 2
2318 2
2319 1
2320 2
2321 1
2322 1
2323 2
2324 1
2325 1
2326 2
2327 2
2328 1
2329 2
2330 2
2331 1
2332 3
2333 1
2334 1
2335 1
2336 2
2337 2
2338 2
2339 2
2340 2
2341 1
2342 2
2343 2
2344 1
2345 2
2346 1
2347 1
2348 1
2349 2
2350 1
2351 2
2352 2
2353 1
2354 4
2355 2
2356 2
2357 3
2358 2
2359 1
2360 2
2361 1
2362 3
2363 1
2364 1
2365 2
2366 2
2367 2
2368 3
2369 2
2370 1
2371 2
2372 2
2373 1
2374 16
2375 1
2376 1
2377 2
2378 3
2379 1
2380 1
2381 1
2382 2
2383 1
2384 2
2385 1
2386 1
2387 2
2388 1
2389 2
2390 1
2391 2
2392 2
2393 3
2394 1
2395 2
2396 1
2397 3
2398 4
2399 2
2400 3
2401 2
2402 1
2403 3
2404 1
2405 2
2406 2
2407 3
2408 2
2409 1
2410 1
2411 3
2412 2
2413 1
2414 4
2415 2
2416 2
2417 2
2418 1
2419 1
2420 2
2421 2
2422 1
2423 3
2424 2
2425 3
2426 1
2427 7
2428 1
2429 0
2430 2
2431 2
2432 4
2433 2
2434 2
2435 1
2436 1
2437 1
2438 2
2439 2
2440 1
2441 2
2442 2
2443 2
2444 2
2445 4
2446 1
2447 2
2448 3
2449 1
2450 2
2451 2
2452 2
2453 2
2454 2
2455 3
2456 1
2457 1
2458 1
2459 1
2460 2
2461 2
2462 1
2463 1
2464 2
2465 3
2466 2
2467 1
2468 2
2469 2
2470 4
2471 2
2472 2
2473 2
2474 2
2475 2
2476 1
2477 2
2478 3
2479 1
2480 1
2481 1
2482 1
2483 2
2484 3
2485 2
2486 2
2487 2
2488 2
2489 2
2490 3
2491 2
2492 1
2493 2
2494 2
2495 1
2496 3
2497 1
2498 2
2499 3
2500 2
2501 1
2502 3
2503 2
2504 2
2505 2
2506 2
2507 1
2508 1
2509 2
2510 3
2511 2
2512 2
2513 1
2514 2
2515 2
2516 3
2517 2
2518 2
2519 1
2520 2
2521 1
2522 3
2523 1
2524 3
2525 1
2526 2
2527 3
2528 2
2529 4
2530 2
2531 2
2532 2
2533 2
2534 2
2535 2
2536 2
2537 2
2538 3
2539 2
2540 1
2541 3
2542 2
2543 4
2544 2
2545 4
2546 2
2547 2
2548 1
2549 2
2550 2
2551 1
2552 1
2553 2
2554 2
2555 3
2556 1
2557 1
2558 3
2559 1
2560 2
2561 3
2562 1
2563 2
2564 3
2565 2
2566 3
2567 2
2568 2
2569 2
2570 1
2571 1
2572 2
2573 3
2574 2
2575 3
2576 2
2577 2
2578 2
2579 1
2580 2
2581 1
2582 2
2583 1
2584 2
2585 1
2586 1
2587 2
2588 1
2589 2
2590 2
2591 2
2592 1
2593 2
2594 2
2595 2
2596 2
2597 1
2598 2
2599 3
2600 2
2601 2
2602 1
2603 4
2604 1
2605 2
2606 3
2607 1
2608 1
2609 3
2610 1
2611 3
2612 1
2613 2
2614 2
2615 2
2616 3
2617 2
2618 1
2619 2
2620 1
2621 3
2622 2
2623 1
2624 3
2625 2
2626 1
2627 2
2628 1
2629 1
2630 3
2631 1
2632 2
2633 1
2634 2
2635 2
2636 3
2637 1
2638 2
2639 1
2640 2
2641 3
2642 1
2643 2
2644 2
2645 1
2646 2
2647 1
2648 2
2649 2
2650 1
2651 2
2652 2
2653 1
2654 2
2655 2
2656 2
2657 2
2658 1
2659 3
2660 2
2661 1
2662 1
2663 3
2664 2
2665 2
2666 3
2667 2
2668 2
2669 2
2670 1
2671 1
2672 2
2673 2
2674 1
2675 2
2676 2
2677 2
2678 3
2679 1
2680 2
2681 2
2682 2
2683 1
2684 2
2685 1
2686 1
2687 3
2688 1
2689 2
2690 3
2691 2
2692 2
2693 2
2694 2
2695 1
2696 2
2697 2
2698 2
2699 1
2700 1
2701 1
2702 1
2703 3
2704 2
2705 2
2706 1
2707 3
2708 2
2709 1
2710 2
2711 2
2712 1
2713 2
2714 1
2715 3
2716 1
2717 1
2718 2
2719 2
2720 1
2721 3
2722 3
2723 2
2724 3
2725 2
2726 2
2727 3
2728 1
2729 1
2730 3
2731 1
2732 2
2733 2
2734 2
2735 2
2736 1
2737 2
2738 2
2739 3
2740 2
2741 3
2742 1
2743 2
2744 1
2745 2
2746 3
2747 2
2748 3
2749 3
2750 3
2751 1
2752 1
2753 2
2754 4
2755 2
2756 3
2757 1
2758 2
2759 1
2760 1
2761 1
2762 2
2763 2
2764 1
2765 2
2766 1
2767 1
2768 3
2769 2
2770 2
2771 3
2772 1
2773 1
2774 3
2775 1
2776 2
2777 3
2778 2
2779 2
2780 2
2781 2
2782 2
2783 2
2784 2
2785 1
2786 6
2787 2
2788 2
2789 1
2790 2
2791 1
2792 3
2793 2
2794 2
2795 4
2796 1
2797 3
2798 2
2799 2
2800 1
2801 2
2802 1
2803 3
2804 2
2805 1
2806 1
2807 1
2808 3
2809 2
2810 1
2811 3
2812 2
2813 1
2814 1
2815 3
2816 2
2817 1
2818 2
2819 2
2820 2
2821 2
2822 2
2823 2
2824 2
2825 2
2826 1
2827 1
2828 3
2829 1
2830 1
2831 2
2832 1
2833 1
2834 3
2835 1
2836 3
2837 1
2838 1
2839 2
2840 3
2841 2
2842 1
2843 4
2844 2
2845 1
2846 2
2847 1
2848 4
2849 1
2850 1
2851 3
2852 1
2853 1
2854 2
2855 3
2856 3
2857 2
2858 2
2859 2
2860 2
2861 2
2862 2
2863 2
2864 2
2865 1
2866 1
2867 2
2868 1
2869 1
2870 2
2871 2
2872 2
2873 2
2874 2
2875 1
2876 3
2877 1
2878 2
2879 2
2880 1
2881 1
2882 1
2883 4
2884 2
2885 2
2886 2
2887 1
2888 2
2889 3
2890 2
2891 1
2892 3
2893 2
2894 2
2895 2
2896 1
2897 2
2898 2
2899 2
2900 2
2901 4
2902 2
2903 2
2904 2
2905 2
2906 5
2907 2
2908 2
2909 1
2910 2
2911 1
2912 2
2913 2
2914 2
2915 1
2916 2
2917 1
2918 3
2919 1
2920 2
2921 1
2922 2
2923 2
2924 2
2925 2
2926 2
2927 2
2928 3
2929 4
2930 1
2931 1
2932 2
2933 1
2934 2
2935 3
2936 3
2937 2
2938 1
2939 1
2940 3
2941 1
2942 1
2943 3
2944 1
2945 1
2946 1
2947 2
2948 4
2949 2
2950 2
2951 1
2952 1
2953 2
2954 3
2955 2
2956 2
2957 2
2958 1
2959 3
2960 2
2961 1
2962 2
2963 1
2964 2
2965 3
2966 1
2967 1
2968 2
2969 2
2970 2
2971 2
2972 1
2973 2
2974 3
2975 2
2976 2
2977 1
2978 1
2979 1
2980 2
2981 1
2982 2
2983 3
2984 3
2985 1
2986 2
2987 2
2988 2
2989 1
2990 2
2991 1
2992 2
2993 1
2994 2
2995 1
2996 1
2997 2
2998 1
2999 2
3000 2
3001 1
3002 1
3003 3
3004 1
3005 2
3006 2
3007 2
3008 3
3009 1
3010 2
3011 2
3012 2
3013 1
3014 3
3015 3
3016 1
3017 1
3018 3
3019 1
3020 0
3021 3
3022 1
3023 2
3024 3
3025 2
3026 2
3027 4
3028 1
3029 2
3030 1
3031 2
3032 2
3033 2
3034 1
3035 2
3036 2
3037 1
3038 2
3039 2
3040 2
3041 2
3042 3
3043 2
3044 2
3045 2
3046 2
3047 2
3048 2
3049 3
3050 2
3051 2
3052 2
3053 1
3054 1
3055 2
3056 1
3057 2
3058 2
3059 1
3060 2
3061 2
3062 1
3063 1
3064 2
3065 2
3066 2
3067 1
3068 2
3069 2
3070 2
3071 1
3072 2
3073 3
3074 2
3075 1
3076 1
3077 2
3078 2
3079 1
3080 2
3081 1
3082 1
3083 2
3084 1
3085 2
3086 2
3087 1
3088 1
3089 2
3090 3
3091 2
3092 2
3093 2
3094 2
3095 1
3096 3
3097 1
3098 2
3099 1
3100 2
3101 2
3102 2
3103 2
3104 2
3105 2
3106 2
3107 2
3108 2
3109 1
3110 3
3111 2
3112 2
3113 4
3114 2
3115 2
3116 3
3117 3
3118 2
3119 3
3120 1
3121 1
3122 2
3123 2
3124 2
3125 3
3126 1
3127 1
3128 2
3129 2
3130 1
3131 1
3132 3
3133 1
3134 1
3135 2
3136 1
3137 1
3138 2
3139 2
3140 3
3141 2
3142 2
3143 3
3144 1
3145 2
3146 1
3147 2
3148 3
3149 1
3150 3
3151 1
3152 2
3153 1
3154 2
3155 2
3156 2
3157 1
3158 2
3159 2
3160 2
3161 3
3162 2
3163 2
3164 2
3165 2
3166 3
3167 2
3168 2
3169 2
3170 1
3171 4
3172 1
3173 1
3174 2
3175 2
3176 1
3177 2
3178 2
3179 2
3180 3
3181 1
3182 1
3183 1
3184 2
3185 2
3186 2
3187 2
3188 2
3189 3
3190 1
3191 3
3192 2
3193 2
3194 2
3195 2
3196 1
3197 3
3198 2
3199 4
3200 2
3201 2
3202 2
3203 4
3204 2
3205 3
3206 1
3207 3
3208 3
3209 1
3210 2
3211 5
3212 2
3213 2
3214 2
3215 2
3216 1
3217 2
3218 3
3219 1
3220 2
3221 5
3222 3
3223 2
3224 3
3225 2
3226 2
3227 2
3228 3
3229 1
3230 1
3231 7
3232 2
3233 2
3234 2
3235 2
3236 1
3237 3
3238 1
3239 2
3240 2
3241 1
3242 2
3243 2
3244 1
3245 2
3246 2
3247 2
3248 2
3249 1
3250 3
3251 2
3252 1
3253 1
3254 1
3255 2
3256 2
3257 2
3258 2
3259 3
3260 2
3261 1
3262 2
3263 2
3264 4
3265 1
3266 1
3267 2
3268 2
3269 1
3270 2
3271 4
3272 3
3273 1
3274 2
3275 2
3276 1
3277 3
3278 1
3279 3
3280 1
3281 1
3282 2
3283 3
3284 1
3285 2
3286 3
3287 2
3288 2
3289 1
3290 2
3291 2
3292 3
3293 1
3294 2
3295 1
3296 1
3297 1
3298 2
3299 1
3300 1
3301 3
3302 1
3303 1
3304 2
3305 1
3306 3
3307 2
3308 2
3309 1
3310 2
3311 3
3312 2
3313 2
3314 1
3315 2
3316 2
3317 2
3318 1
3319 1
3320 2
3321 2
3322 3
3323 4
3324 2
3325 1
3326 1
3327 1
3328 3
3329 2
3330 1
3331 2
3332 2
3333 3
3334 1
3335 2
3336 1
3337 3
3338 1
3339 1
3340 2
3341 3
3342 1
3343 1
3344 1
3345 2
3346 2
3347 2
3348 1
3349 1
3350 2
3351 2
3352 2
3353 2
3354 1
3355 3
3356 2
3357 3
3358 2
3359 2
3360 1
3361 3
3362 2
3363 2
3364 1
3365 2
3366 1
3367 2
3368 2
3369 3
3370 2
3371 4
3372 2
3373 1
3374 2
3375 3
3376 1
3377 3
3378 1
3379 1
3380 3
3381 3
3382 1
3383 2
3384 3
3385 2
3386 2
3387 3
3388 1
3389 1
3390 2
3391 2
3392 1
3393 3
3394 1
3395 1
3396 3
3397 3
3398 2
3399 1
3400 2
3401 1
3402 2
3403 3
3404 2
3405 1
3406 1
3407 2
3408 1
3409 2
3410 1
3411 2
3412 2
3413 2
3414 2
3415 2
3416 2
3417 3
3418 1
3419 1
3420 1
3421 1
3422 2
3423 2
3424 3
3425 1
3426 3
3427 3
3428 2
3429 2
3430 1
3431 2
3432 1
3433 2
3434 2
3435 1
3436 2
3437 1
3438 1
3439 3
3440 1
3441 2
3442 1
3443 2
3444 4
3445 1
3446 3
3447 2
3448 2
3449 3
3450 1
3451 2
3452 3
3453 1
3454 15
3455 2
3456 1
3457 3
3458 2
3459 2
3460 1
3461 1
3462 2
3463 3
3464 1
3465 1
3466 1
3467 2
3468 3
3469 2
3470 1
3471 2
3472 2
3473 2
3474 2
3475 1
3476 3
3477 2
3478 2
3479 3
3480 1
3481 2
3482 3
3483 2
3484 3
3485 1
3486 2
3487 3
3488 1
3489 2
3490 1
3491 1
3492 3
3493 3
3494 2
3495 1
3496 1
3497 1
3498 2
3499 3
3500 2
3501 3
3502 1
3503 3
3504 2
3505 2
3506 2
3507 3
3508 1
3509 1
3510 3
3511 2
3512 3
3513 2
3514 1
3515 1
3516 2
3517 3
3518 2
3519 4
3520 1
3521 3
3522 1
3523 1
3524 5
3525 1
3526 2
3527 2
3528 2
3529 2
3530 3
3531 2
3532 4
3533 1
3534 1
3535 2
3536 2
3537 2
3538 2
3539 3
3540 2
3541 2
3542 2
3543 1
3544 1
3545 1
3546 1
3547 1
3548 2
3549 2
3550 3
3551 1
3552 3
3553 1
3554 1
3555 2
3556 1
3557 1
3558 2
3559 3
3560 2
3561 1
3562 2
3563 2
3564 2
3565 1
3566 3
3567 3
3568 5
3569 2
3570 2
3571 2
3572 3
3573 3
3574 2
3575 1
3576 2
3577 3
3578 1
3579 2
3580 1
3581 1
3582 1
3583 3
3584 2
3585 2
3586 2
3587 1
3588 2
3589 4
3590 1
3591 2
3592 1
3593 1
3594 2
3595 3
3596 1
3597 2
3598 2
3599 2
3600 4
3601 1
3602 3
3603 3
3604 1
3605 2
3606 2
3607 1
3608 2
3609 2
3610 2
3611 2
3612 3
3613 1
3614 1
3615 1
3616 2
3617 1
3618 1
3619 3
3620 2
3621 2
3622 4
3623 2
3624 3
3625 2
3626 1
3627 2
3628 1
3629 2
3630 2
3631 1
3632 2
3633 2
3634 1
3635 3
3636 1
3637 3
3638 2
3639 1
3640 3
3641 1
3642 1
3643 1
3644 2
3645 1
3646 1
3647 2
3648 1
3649 1
3650 2
3651 1
3652 1
3653 2
3654 2
3655 3
3656 1
3657 2
3658 1
3659 1
3660 2
3661 2
3662 2
3663 2
3664 3
3665 2
3666 2
3667 2
3668 1
3669 3
3670 1
3671 2
3672 1
3673 1
3674 2
3675 3
3676 2
3677 1
3678 3
3679 2
3680 1
3681 2
3682 2
3683 2
3684 3
3685 1
3686 1
3687 2
3688 3
3689 1
3690 3
3691 12
3692 2
3693 3
3694 1
3695 2
3696 3
3697 2
3698 3
3699 2
3700 1
3701 2
3702 3
3703 2
3704 1
3705 3
3706 1
3707 1
3708 1
3709 1
3710 2
3711 2
3712 1
3713 1
3714 1
3715 2
3716 2
3717 2
3718 2
3719 2
3720 2
3721 3
3722 2
3723 1
3724 2
3725 2
3726 1
3727 3
3728 1
3729 3
3730 2
3731 1
3732 1
3733 3
3734 1
3735 2
3736 2
3737 2
3738 2
3739 1
3740 1
3741 1
3742 3
3743 2
3744 1
3745 3
3746 1
3747 1
3748 2
3749 1
3750 1
3751 2
3752 3
3753 2
3754 4
3755 2
3756 1
3757 4
3758 1
3759 2
3760 4
3761 2
3762 1
3763 1
3764 2
3765 2
3766 2
3767 1
3768 2
3769 1
3770 1
3771 2
3772 1
3773 2
3774 3
3775 1
3776 1
3777 2
3778 2
3779 1
3780 2
3781 1
3782 2
3783 2
3784 2
3785 1
3786 2
3787 6
3788 2
3789 1
3790 2
3791 2
3792 2
3793 1
3794 2
3795 2
3796 2
3797 1
3798 1
3799 2
3800 1
3801 3
3802 1
3803 1
3804 3
3805 2
3806 2
3807 1
3808 2
3809 1
3810 3
3811 2
3812 3
3813 1
3814 2
3815 1
3816 1
3817 2
3818 1
3819 2
3820 2
3821 2
3822 2
3823 2
3824 2
3825 2
3826 3
3827 2
3828 1
3829 3
3830 1
3831 1
3832 2
3833 4
3834 2
3835 1
3836 3
3837 1
3838 1
3839 2
3840 2
3841 2
3842 3
3843 2
3844 2
3845 2
3846 1
3847 2
3848 2
3849 2
3850 1
3851 3
3852 5
3853 2
3854 1
3855 2
3856 1
3857 1
3858 2
3859 3
3860 2
3861 1
3862 3
3863 3
3864 1
3865 2
3866 2
3867 3
3868 1
3869 2
3870 2
3871 1
3872 2
3873 2
3874 3
3875 1
3876 2
3877 2
3878 2
3879 3
3880 2
3881 2
3882 6
3883 2
3884 2
3885 2
3886 2
3887 3
3888 1
3889 2
3890 3
3891 1
3892 1
3893 2
3894 1
3895 2
3896 1
3897 1
3898 18
3899 4
3900 2
3901 4
3902 3
3903 2
3904 3
3905 2
3906 2
3907 2
3908 3
3909 3
3910 2
3911 3
3912 2
3913 1
3914 1
3915 3
3916 2
3917 2
3918 2
3919 2
3920 1
3921 1
3922 3
3923 1
3924 2
3925 3
3926 2
3927 3
3928 1
3929 2
3930 2
3931 3
3932 2
3933 1
3934 1
3935 2
3936 1
3937 3
3938 2
3939 1
3940 2
3941 1
3942 2
3943 2
3944 1
3945 2
3946 1
3947 2
3948 2
3949 1
3950 1
3951 3
3952 3
3953 1
3954 1
3955 1
3956 1
3957 3
3958 1
3959 1
3960 2
3961 2
3962 1
3963 3
3964 1
3965 2
3966 2
3967 1
3968 3
3969 2
3970 3
3971 1
3972 2
3973 2
3974 1
3975 2
3976 3
3977 1
3978 2
3979 2
3980 5
3981 1
3982 2
3983 2
3984 3
3985 1
3986 3
3987 2
3988 2
3989 1
3990 2
3991 2
3992 4
3993 2
3994 2
3995 1
3996 1
3997 3
3998 1
3999 2
4000 1
4001 1
4002 2
4003 4
4004 1
4005 2
4006 2
4007 2
4008 1
4009 4
4010 2
4011 3
4012 1
4013 1
4014 3
4015 2
4016 3
4017 2
4018 1
4019 1
4020 2
4021 2
4022 1
4023 2
4024 2
4025 2
4026 2
4027 1
4028 2
4029 1
4030 1
4031 2
4032 2
4033 3
4034 1
4035 2
4036 3
4037 1
4038 2
4039 1
4040 2
4041 3
4042 3
4043 3
4044 1
4045 2
4046 2
4047 2
4048 2
4049 2
4050 1
4051 2
4052 2
4053 3
4054 3
4055 2
4056 1
4057 1
4058 2
4059 2
4060 1
4061 1
4062 5
4063 2
4064 3
4065 2
4066 3
4067 2
4068 1
4069 3
4070 1
4071 2
4072 4
4073 2
4074 1
4075 2
4076 2
4077 2
4078 3
4079 1
4080 3
4081 1
4082 1
4083 3
4084 1
4085 1
4086 2
4087 2
4088 2
4089 1
4090 2
4091 2
4092 2
4093 3
4094 1
4095 1
4096 2
4097 2
4098 3
4099 2
4100 2
4101 3
4102 1
4103 2
4104 2
4105 2
4106 1
4107 2
4108 2
4109 2
4110 3
4111 1
4112 3
4113 2
4114 1
4115 2
4116 1
4117 3
4118 2
4119 2
4120 2
4121 2
4122 1
4123 3
4124 3
4125 1
4126 2
4127 1
4128 2
4129 1
4130 1
4131 2
4132 2
4133 2
4134 3
4135 2
4136 2
4137 3
4138 1
4139 2
4140 3
4141 2
4142 2
4143 2
4144 2
4145 2
4146 1
4147 4
4148 5
4149 2
4150 2
4151 3
4152 2
4153 3
4154 2
4155 1
4156 1
4157 2
4158 1
4159 2
4160 1
4161 2
4162 3
4163 2
4164 1
4165 2
4166 1
4167 2
4168 2
4169 1
4170 2
4171 2
4172 5
4173 1
4174 16
4175 2
4176 1
4177 2
4178 3
4179 1
4180 1
4181 2
4182 1
4183 3
4184 1
4185 1
4186 2
4187 1
4188 1
4189 3
4190 2
4191 1
4192 2
4193 2
4194 3
4195 2
4196 1
4197 2
4198 2
4199 2
4200 3
4201 1
4202 3
4203 2
4204 3
4205 2
4206 1
4207 2
4208 3
4209 2
4210 2
4211 1
4212 2
4213 1
4214 4
4215 1
4216 2
4217 3
4218 1
4219 1
4220 2
4221 1
4222 2
4223 3
4224 1
4225 2
4226 1
4227 2
4228 1
4229 2
4230 2
4231 2
4232 1
4233 2
4234 1
4235 1
4236 2
4237 2
4238 2
4239 1
4240 2
4241 1
4242 2
4243 1
4244 2
4245 4
4246 2
4247 2
4248 3
4249 1
4250 3
4251 2
4252 2
4253 1
4254 2
4255 2
4256 2
4257 1
4258 2
4259 2
4260 3
4261 1
4262 2
4263 1
4264 2
4265 1
4266 1
4267 3
4268 1
4269 2
4270 3
4271 2
4272 2
4273 1
4274 3
4275 2
4276 1
4277 1
4278 1
4279 2
4280 2
4281 3
4282 2
4283 3
4284 2
4285 2
4286 2
4287 1
4288 2
4289 2
4290 3
4291 1
4292 2
4293 2
4294 16
4295 7
4296 2
4297 1
4298 1
4299 2
4300 3
4301 1
4302 1
4303 2
4304 2
4305 3
4306 2
4307 2
4308 1
4309 2
4310 3
4311 2
4312 2
4313 3
4314 1
4315 2
4316 2
4317 3
4318 1
4319 1
4320 2
4321 1
4322 2
4323 2
4324 2
4325 3
4326 2
4327 2
4328 2
4329 2
4330 1
4331 2
4332 2
4333 3
4334 1
4335 3
4336 1
4337 2
4338 5
4339 2
4340 1
4341 2
4342 2
4343 2
4344 1
4345 1
4346 2
4347 1
4348 2
4349 2
4350 1
4351 2
4352 1
4353 1
4354 3
4355 1
4356 1
4357 1
4358 3
4359 1
4360 3
4361 2
4362 1
4363 1
4364 2
4365 1
4366 4
4367 2
4368 2
4369 3
4370 1
4371 1
4372 1
4373 4
4374 1
4375 1
4376 3
4377 2
4378 2
4379 4
4380 1
4381 1
4382 2
4383 2
4384 1
4385 3
4386 1
4387 2
4388 4
4389 2
4390 3
4391 2
4392 2
4393 1
4394 2
4395 2
4396 2
4397 1
4398 2
4399 2
4400 2
4401 3
4402 1
4403 1
4404 2
4405 2
4406 1
4407 2
4408 1
4409 4
4410 1
4411 2
4412 3
4413 1
4414 16
4415 3
4416 2
4417 3
4418 1
4419 1
4420 3
4421 2
4422 2
4423 2
4424 1
4425 1
4426 2
4427 1
4428 2
4429 2
4430 2
4431 4
4432 1
4433 2
4434 3
4435 2
4436 2
4437 2
4438 2
4439 1
4440 4
4441 1
4442 2
4443 1
4444 1
4445 1
4446 1
4447 1
4448 2
4449 1
4450 1
4451 3
4452 2
4453 2
4454 4
4455 2
4456 2
4457 1
4458 3
4459 2
4460 2
4461 2
4462 2
4463 3
4464 2
4465 1
4466 2
4467 1
4468 3
4469 3
4470 5
4471 2
4472 1
4473 1
4474 2
4475 1
4476 1
4477 3
4478 2
4479 1
4480 3
4481 2
4482 2
4483 2
4484 3
4485 2
4486 4
4487 1
4488 2
4489 2
4490 1
4491 2
4492 2
4493 1
4494 1
4495 2
4496 2
4497 1
4498 2
4499 2
4500 3
4501 1
4502 1
4503 1
4504 3
4505 2
4506 1
4507 2
4508 3
4509 2
4510 1
4511 2
4512 3
4513 3
4514 2
4515 2
4516 3
4517 1
4518 2
4519 3
4520 1
4521 1
4522 2
4523 1
4524 2
4525 1
4526 3
4527 5
4528 2
4529 1
4530 2
4531 1
4532 4
4533 2
4534 1
4535 2
4536 2
4537 2
4538 1
4539 1
4540 3
4541 2
4542 3
4543 2
4544 2
4545 2
4546 1
4547 4
4548 1
4549 1
4550 3
4551 1
4552 2
4553 3
4554 1
4555 2
4556 3
4557 1
4558 1
4559 2
4560 3
4561 2
4562 4
4563 2
4564 1
4565 1
4566 2
4567 2
4568 1
4569 3
4570 2
4571 2
4572 3
4573 2
4574 2
4575 2
4576 1
4577 2
4578 2
4579 1
4580 2
4581 1
4582 1
4583 2
4584 2
4585 1
4586 2
4587 1
4588 1
4589 3
4590 2
4591 3
4592 2
4593 1
4594 1
4595 2
4596 2
4597 1
4598 3
4599 1
4600 1
4601 3
4602 2
4603 2
4604 2
4605 4
4606 2
4607 2
4608 1
4609 2
4610 1
4611 2
4612 2
4613 2
4614 2
4615 2
4616 2
4617 2
4618 1
4619 3
4620 2
4621 2
4622 2
4623 1
4624 2
4625 2
4626 2
4627 2
4628 2
4629 2
4630 1
4631 3
4632 1
4633 2
4634 1
4635 2
4636 1
4637 2
4638 3
4639 1
4640 1
4641 2
4642 1
4643 2
4644 8
4645 2
4646 1
4647 1
4648 1
4649 3
4650 2
4651 2
4652 2
4653 2
4654 2
4655 2
4656 3
4657 1
4658 3
4659 3
4660 2
4661 2
4662 2
4663 1
4664 1
4665 3
4666 2
4667 2
4668 2
4669 2
4670 1
4671 2
4672 1
4673 3
4674 2
4675 1
4676 2
4677 1
4678 2
4679 2
4680 1
4681 1
4682 2
4683 2
4684 2
4685 1
4686 1
4687 2
4688 2
4689 1
4690 1
4691 2
4692 1
4693 1
4694 3
4695 1
4696 2
4697 3
4698 1
4699 1
4700 3
4701 1
4702 2
4703 2
4704 1
4705 1
4706 2
4707 1
4708 2
4709 1
4710 2
4711 3
4712 2
4713 2
4714 2
4715 1
4716 2
4717 1
4718 2
4719 2
4720 1
4721 1
4722 3
4723 2
4724 2
4725 1
4726 1
4727 2
4728 2
4729 4
4730 1
4731 2
4732 1
4733 1
4734 1
4735 3
4736 2
4737 2
4738 1
4739 1
4740 2
4741 1
4742 2
4743 1
4744 1
4745 1
4746 2
4747 2
4748 1
4749 1
4750 2
4751 1
4752 4
4753 1
4754 1
4755 2
4756 3
4757 2
4758 2
4759 2
4760 2
4761 2
4762 2
4763 2
4764 1
4765 2
4766 1
4767 2
4768 2
4769 3
4770 1
4771 2
4772 1
4773 1
4774 1
4775 2
4776 1
4777 2
4778 1
4779 2
4780 3
4781 2
4782 2
4783 1
4784 1
4785 2
4786 2
4787 2
4788 1
4789 3
4790 1
4791 2
4792 2
4793 2
4794 4
4795 1
4796 1
4797 2
4798 1
4799 3
4800 1
4801 2
4802 1
4803 3
4804 1
4805 2
4806 1
4807 3
4808 5
4809 3
4810 1
4811 1
4812 5
4813 1
4814 2
4815 2
4816 2
4817 2
4818 2
4819 1
4820 1
4821 2
4822 2
4823 3
4824 2
4825 1
4826 2
4827 2
4828 1
4829 4
4830 1
4831 1
4832 3
4833 2
4834 1
4835 2
4836 2
4837 3
4838 1
4839 4
4840 2
4841 2
4842 2
4843 1
4844 1
4845 3
4846 1
4847 2
4848 2
4849 1
4850 2
4851 2
4852 1
4853 2
4854 2
4855 2
4856 3
4857 1
4858 1
4859 3
4860 1
4861 2
4862 2
4863 2
4864 2
4865 2
4866 2
4867 2
4868 2
4869 2
4870 3
4871 1
4872 1
4873 4
4874 2
4875 2
4876 1
4877 2
4878 1
4879 3
4880 1
4881 2
4882 2
4883 2
4884 2
4885 4
4886 2
4887 2
4888 2
4889 1
4890 3
4891 1
4892 1
4893 1
4894 2
4895 2
4896 1
4897 3
4898 2
4899 2
4900 2
4901 3
4902 1
4903 1
4904 1
4905 2
4906 2
4907 2
4908 2
4909 3
4910 3
4911 1
4912 3
4913 1
4914 3
4915 1
4916 2
4917 1
4918 2
4919 1
4920 2
4921 2
4922 2
4923 4
4924 2
4925 1
4926 1
4927 3
4928 1
4929 3
4930 2
4931 2
4932 1
4933 2
4934 1
4935 3
4936 2
4937 1
4938 1
4939 2
4940 1
4941 3
4942 2
4943 1
4944 2
4945 2
4946 3
4947 1
4948 1
4949 2
4950 1
4951 4
4952 1
4953 3
4954 3
4955 1
4956 2
4957 2
4958 1
4959 1
4960 2
4961 2
4962 2
4963 1
4964 1
4965 1
4966 2
4967 2
4968 3
4969 2
4970 1
4971 2
4972 2
4973 1
4974 3
4975 2
4976 3
4977 1
4978 2
4979 3
4980 1
4981 2
4982 3
4983 1
4984 2
4985 2
4986 1
4987 2
4988 1
4989 2
4990 1
4991 1
4992 2
4993 2
4994 1
4995 2
4996 3
4997 2
4998 1
4999 2
5000 1
5001 1
5002 3
5003 2
5004 1
5005 3
5006 2
5007 3
5008 2
5009 2
5010 3
5011 1
5012 1
5013 2
5014 1
5015 2
5016 1
5017 1
5018 2
5019 1
5020 2
5021 2
5022 2
5023 2
5024 2
5025 1
5026 2
5027 1
5028 3
5029 1
5030 2
5031 3
5032 1
5033 1
5034 2
5035 2
5036 2
5037 1
5038 3
5039 1
5040 2
5041 3
5042 1
5043 2
5044 2
5045 1
5046 2
5047 1
5048 5
5049 1
5050 3
5051 2
5052 2
5053 2
5054 2
5055 1
5056 2
5057 1
5058 1
5059 1
5060 1
5061 1
5062 2
5063 1
5064 3
5065 3
5066 2
5067 1
5068 1
5069 3
5070 2
5071 3
5072 1
5073 2
5074 1
5075 1
5076 2
5077 1
5078 1
5079 2
5080 2
5081 3
5082 3
5083 2
5084 1
5085 3
5086 2
5087 2
5088 2
5089 3
5090 1
5091 3
5092 3
5093 2
5094 1
5095 2
5096 2
5097 2
5098 4
5099 3
5100 1
5101 1
5102 2
5103 3
5104 2
5105 2
5106 2
5107 4
5108 2
5109 2
5110 2
5111 1
5112 1
5113 2
5114 2
5115 3
5116 2
5117 2
5118 1
5119 2
5120 2
5121 2
5122 2
5123 1
5124 1
5125 2
5126 2
5127 3
5128 3
5129 1
5130 4
5131 3
5132 1
5133 1
5134 1
5135 4
5136 2
5137 2
5138 2
5139 2
5140 2
5141 3
5142 1
5143 1
5144 1
5145 1
5146 3
5147 3
5148 1
5149 1
5150 1
5151 1
5152 1
5153 2
5154 2
5155 2
5156 1
5157 2
5158 3
5159 3
5160 2
5161 3
5162 2
5163 2
5164 2
5165 5
5166 1
5167 2
5168 3
5169 2
5170 1
5171 2
5172 1
5173 1
5174 1
5175 1
5176 2
5177 2
5178 3
5179 1
5180 1
5181 2
5182 2
5183 3
5184 2
5185 1
5186 1
5187 2
5188 3
5189 2
5190 2
5191 2
5192 2
5193 2
5194 1
5195 1
5196 3
5197 1
5198 1
5199 2
5200 2
5201 2
5202 3
5203 2
5204 3
5205 2
5206 2
5207 3
5208 2
5209 2
5210 3
5211 2
5212 2
5213 1
5214 1
5215 2
5216 2
5217 1
5218 4
5219 1
5220 2
5221 2
5222 2
5223 2
5224 1
5225 2
5226 1
5227 1
5228 2
5229 3
5230 2
5231 2
5232 2
5233 2
5234 3
5235 1
5236 2
5237 2
5238 1
5239 2
5240 2
5241 2
5242 2
5243 0
5244 2
5245 2
5246 1
5247 1
5248 2
5249 2
5250 1
5251 2
5252 1
5253 3
5254 2
5255 2
5256 3
5257 3
5258 1
5259 2
5260 2
5261 2
5262 2
5263 3
5264 1
5265 2
5266 3
5267 2
5268 1
5269 2
5270 2
5271 2
5272 2
5273 1
5274 2
5275 1
5276 2
5277 2
5278 2
5279 1
5280 2
5281 2
5282 1
5283 3
5284 2
5285 2
5286 4
5287 2
5288 3
5289 2
5290 2
5291 2
5292 2
5293 1
5294 2
5295 1
5296 2
5297 3
5298 1
5299 2
5300 1
5301 2
5302 2
5303 3
5304 1
5305 1
5306 1
5307 2
5308 2
5309 3
5310 2
5311 2
5312 1
5313 4
5314 2
5315 3
5316 2
5317 1
5318 1
5319 2
5320 1
5321 2
5322 1
5323 1
5324 2
5325 2
5326 2
5327 2
5328 1
5329 2
5330 2
5331 2
5332 3
5333 2
5334 2
5335 1
5336 1
5337 3
5338 1
5339 2
5340 2
5341 2
5342 1
5343 2
5344 3
5345 2
5346 2
5347 3
5348 2
5349 2
5350 2
5351 3
5352 2
5353 2
5354 1
5355 1
5356 2
5357 2
5358 2
5359 3
5360 2
5361 2
5362 2
5363 2
5364 3
5365 1
5366 1
5367 2
5368 1
5369 2
5370 1
5371 1
5372 2
5373 1
5374 17
5375 1
5376 2
5377 2
5378 3
5379 1
5380 2
5381 1
5382 2
5383 2
5384 4
5385 1
5386 2
5387 2
5388 1
5389 6
5390 2
5391 2
5392 1
5393 1
5394 4
5395 2
5396 2
5397 4
5398 1
5399 1
5400 2
5401 3
5402 1
5403 2
5404 2
5405 1
5406 1
5407 2
5408 3
5409 3
5410 1
5411 2
5412 2
5413 1
5414 2
5415 3
5416 1
5417 1
5418 1
5419 2
5420 4
5421 2
5422 1
5423 1
5424 2
5425 3
5426 1
5427 1
5428 3
5429 2
5430 1
5431 2
5432 3
5433 2
5434 2
5435 1
5436 2
5437 2
5438 2
5439 2
5440 2
5441 2
5442 2
5443 1
5444 2
5445 2
5446 1
5447 1
5448 2
5449 2
5450 1
5451 2
5452 3
5453 1
5454 2
5455 3
5456 2
5457 1
5458 2
5459 3
5460 1
5461 3
5462 1
5463 2
5464 3
5465 2
5466 2
5467 2
5468 3
5469 1
5470 2
5471 2
5472 6
5473 2
5474 1
5475 3
5476 1
5477 1
5478 2
5479 2
5480 1
5481 1
5482 3
5483 2
5484 3
5485 2
5486 2
5487 1
5488 2
5489 1
5490 3
5491 2
5492 1
5493 2
5494 1
5495 2
5496 1
5497 2
5498 2
5499 1
5500 6
5501 1
5502 2
5503 2
5504 1
5505 2
5506 2
5507 2
5508 5
5509 1
5510 2
5511 2
5512 2
5513 2
5514 1
5515 3
5516 1
5517 2
5518 3
5519 2
5520 3
5521 2
5522 1
5523 2
5524 1
5525 2
5526 2
5527 4
5528 2
5529 2
5530 2
5531 3
5532 2
5533 2
5534 2
5535 2
5536 3
5537 1
5538 2
5539 2
5540 1
5541 3
5542 2
5543 2
5544 2
5545 2
5546 2
5547 2
5548 1
5549 2
5550 1
5551 2
5552 2
5553 1
5554 2
5555 1
5556 2
5557 2
5558 2
5559 2
5560 3
5561 3
5562 2
5563 1
5564 1
5565 2
5566 3
5567 2
5568 1
5569 4
5570 2
5571 1
5572 2
5573 1
5574 3
5575 2
5576 2
5577 2
5578 2
5579 1
5580 3
5581 1
5582 2
5583 1
5584 2
5585 1
5586 3
5587 2
5588 2
5589 3
5590 2
5591 2
5592 1
5593 1
5594 2
5595 3
5596 2
5597 1
5598 2
5599 5
5600 1
5601 2
5602 3
5603 2
5604 3
5605 2
5606 2
5607 3
5608 2
5609 1
5610 3
5611 1
5612 2
5613 2
5614 16
5615 4
5616 2
5617 1
5618 1
5619 1
5620 3
5621 2
5622 2
5623 2
5624 2
5625 1
5626 2
5627 1
5628 1
5629 2
5630 2
5631 3
5632 2
5633 1
5634 2
5635 1
5636 2
5637 3
5638 2
5639 2
5640 3
5641 1
5642 2
5643 2
5644 1
5645 3
5646 1
5647 2
5648 2
5649 2
5650 2
5651 2
5652 3
5653 2
5654 2
5655 2
5656 1
5657 2
5658 1
5659 1
5660 2
5661 1
5662 3
5663 1
5664 2
5665 2
5666 2
5667 1
5668 6
5669 1
5670 2
5671 3
5672 2
5673 2
5674 1
5675 3
5676 2
5677 1
5678 3
5679 2
5680 3
5681 2
5682 2
5683 1
5684 3
5685 1
5686 1
5687 2
5688 1
5689 2
5690 2
5691 2
5692 2
5693 2
5694 1
5695 2
5696 1
5697 2
5698 2
5699 2
5700 2
5701 2
5702 2
5703 2
5704 2
5705 2
5706 2
5707 3
5708 2
5709 1
5710 2
5711 2
5712 1
5713 2
5714 2
5715 1
5716 3
5717 1
5718 2
5719 2
5720 2
5721 2
5722 4
5723 2
5724 2
5725 3
5726 2
5727 1
5728 2
5729 2
5730 2
5731 2
5732 2
5733 2
5734 15
5735 2
5736 2
5737 2
5738 3
5739 3
5740 2
5741 1
5742 2
5743 2
5744 2
5745 3
5746 2
5747 1
5748 1
5749 1
5750 2
5751 2
5752 2
5753 1
5754 2
5755 2
5756 1
5757 4
5758 2
5759 1
5760 2
5761 1
5762 2
5763 3
5764 2
5765 1
5766 3
5767 2
5768 1
5769 1
5770 2
5771 1
5772 2
5773 2
5774 1
5775 2
5776 2
5777 2
5778 4
5779 3
5780 2
5781 3
5782 2
5783 1
5784 2
5785 1
5786 2
5787 3
5788 1
5789 1
5790 4
5791 1
5792 3
5793 3
5794 2
5795 2
5796 2
5797 2
5798 3
5799 1
5800 2
5801 1
5802 1
5803 2
5804 2
5805 1
5806 1
5807 1
5808 2
5809 1
5810 1
5811 2
5812 1
5813 3
5814 2
5815 2
5816 3
5817 2
5818 2
5819 1
5820 1
5821 2
5822 3
5823 1
5824 4
5825 1
5826 4
5827 2
5828 2
5829 3
5830 2
5831 2
5832 2
5833 3
5834 1
5835 2
5836 3
5837 1
5838 1
5839 3
5840 1
5841 3
5842 1
5843 1
5844 2
5845 1
5846 1
5847 3
5848 1
5849 1
5850 1
5851 1
5852 2
5853 1
5854 15
5855 2
5856 2
5857 1
5858 2
5859 1
5860 1
5861 3
5862 2
5863 2
5864 1
5865 2
5866 1
5867 1
5868 2
5869 2
5870 2
5871 2
5872 2
5873 1
5874 3
5875 2
5876 5
5877 1
5878 1
5879 1
5880 2
5881 2
5882 2
5883 1
5884 2
5885 1
5886 3
5887 1
5888 1
5889 2
5890 1
5891 2
5892 1
5893 3
5894 3
5895 1
5896 1
5897 1
5898 2
5899 2
5900 4
5901 2
5902 2
5903 1
5904 2
5905 1
5906 3
5907 2
5908 3
5909 1
5910 1
5911 1
5912 2
5913 1
5914 2
5915 2
5916 2
5917 1
5918 1
5919 3
5920 2
5921 1
5922 4
5923 1
5924 2
5925 2
5926 4
5927 2
5928 3
5929 2
5930 2
5931 2
5932 2
5933 2
5934 1
5935 3
5936 2
5937 2
5938 2
5939 2
5940 3
5941 1
5942 2
5943 1
5944 1
5945 3
5946 2
5947 2
5948 2
5949 1
5950 1
5951 2
5952 2
5953 2
5954 2
5955 3
5956 2
5957 1
5958 2
5959 2
5960 2
5961 2
5962 3
5963 2
5964 2
5965 2
5966 2
5967 2
5968 2
5969 2
5970 1
5971 1
5972 2
5973 2
5974 1
5975 2
5976 3
5977 2
5978 2
5979 3
5980 2
5981 5
5982 1
5983 1
5984 2
5985 3
5986 2
5987 1
5988 2
5989 2
5990 3
5991 2
5992 5
5993 2
5994 1
5995 2
5996 2
5997 1
5998 3
5999 2
6000 2
6001 3
6002 3
6003 3
6004 2
6005 1
6006 2
6007 2
6008 3
6009 2
6010 2
6011 2
6012 1
6013 1
6014 3
6015 1
6016 2
6017 1
6018 2
6019 3
6020 3
6021 2
6022 2
6023 2
6024 2
6025 3
6026 2
6027 1
6028 3
6029 1
6030 2
6031 2
6032 3
6033 1
6034 1
6035 1
6036 1
6037 2
6038 2
6039 2
6040 1
6041 2
6042 3
6043 1
6044 1
6045 3
6046 2
6047 1
6048 2
6049 2
6050 2
6051 2
6052 2
6053 3
6054 1
6055 2
6056 1
6057 2
6058 1
6059 2
6060 3
6061 1
6062 1
6063 2
6064 2
6065 2
6066 2
6067 2
6068 1
6069 2
6070 2
6071 2
6072 1
6073 1
6074 1
6075 2
6076 2
6077 2
6078 2
6079 3
6080 1
6081 1
6082 2
6083 2
6084 2
6085 2
6086 1
6087 1
6088 2
6089 1
6090 3
6091 2
6092 2
6093 3
6094 1
6095 2
6096 2
6097 1
6098 2
6099 2
6100 2
6101 2
6102 1
6103 1
6104 3
6105 3
6106 2
6107 1
6108 2
6109 2
6110 1
6111 3
6112 1
6113 2
6114 1
6115 2
6116 2
6117 1
6118 2
6119 3
6120 2
6121 1
6122 1
6123 2
6124 2
6125 3
6126 1
6127 2
6128 3
6129 2
6130 2
6131 2
6132 2
6133 3
6134 2
6135 2
6136 3
6137 2
6138 1
6139 2
6140 2
6141 2
6142 3
6143 2
6144 3
6145 1
6146 2
6147 2
6148 3
6149 1
6150 2
6151 2
6152 2
6153 3
6154 2
6155 2
6156 2
6157 3
6158 2
6159 1
6160 4
6161 2
6162 1
6163 2
6164 2
6165 2
6166 3
6167 2
6168 2
6169 2
6170 1
6171 2
6172 4
6173 1
6174 3
6175 1
6176 2
6177 3
6178 2
6179 3
6180 1
6181 1
6182 2
6183 3
6184 2
6185 3
6186 3
6187 2
6188 2
6189 2
6190 2
6191 1
6192 3
6193 1
6194 3
6195 1
6196 2
6197 2
6198 3
6199 1
6200 3
6201 2
6202 2
6203 2
6204 1
6205 2
6206 3
6207 2
6208 1
6209 2
6210 2
6211 2
6212 2
6213 1
6214 1
6215 2
6216 1
6217 1
6218 2
6219 1
6220 1
6221 3
6222 1
6223 2
6224 6
6225 1
6226 2
6227 2
6228 3
6229 2
6230 3
6231 1
6232 1
6233 2
6234 3
6235 2
6236 3
6237 2
6238 2
6239 3
6240 1
6241 1
6242 4
6243 1
6244 2
6245 2
6246 2
6247 2
6248 2
6249 2
6250 2
6251 2
6252 3
6253 2
6254 1
6255 2
6256 2
6257 2
6258 3
6259 1
6260 3
6261 2
6262 3
6263 2
6264 1
6265 2
6266 3
6267 1
6268 2
6269 3
6270 2
6271 2
6272 3
6273 1
6274 2
6275 1
6276 2
6277 3
6278 2
6279 2
6280 2
6281 1
6282 2
6283 3
6284 1
6285 2
6286 2
6287 1
6288 3
6289 1
6290 4
6291 2
6292 1
6293 3
6294 2
6295 4
6296 1
6297 1
6298 2
6299 1
6300 2
6301 3
6302 1
6303 1
6304 2
6305 2
6306 3
6307 0
6308 2
6309 2
6310 1
6311 2
6312 3
6313 2
6314 1
6315 2
6316 1
6317 1
6318 2
6319 2
6320 3
6321 3
6322 1
6323 2
6324 4
6325 3
6326 6
6327 2
6328 1
6329 2
6330 2
6331 2
6332 2
6333 2
6334 15
6335 3
6336 1
6337 2
6338 2
6339 1
6340 4
6341 2
6342 3
6343 2
6344 2
6345 2
6346 1
6347 1
6348 3
6349 1
6350 2
6351 1
6352 1
6353 4
6354 4
6355 1
6356 3
6357 1
6358 1
6359 2
6360 1
6361 2
6362 2
6363 3
6364 2
6365 3
6366 1
6367 2
6368 2
6369 1
6370 2
6371 2
6372 1
6373 1
6374 2
6375 3
6376 1
6377 2
6378 1
6379 2
6380 2
6381 2
6382 4
6383 1
6384 1
6385 1
6386 2
6387 2
6388 3
6389 1
6390 2
6391 2
6392 2
6393 1
6394 1
6395 3
6396 2
6397 3
6398 4
6399 1
6400 2
6401 2
6402 3
6403 2
6404 3
6405 2
6406 2
6407 1
6408 1
6409 2
6410 2
6411 2
6412 3
6413 2
6414 2
6415 3
6416 1
6417 5
6418 4
6419 3
6420 19
6421 4
6422 1
6423 1
6424 2
6425 1
6426 1
6427 1
6428 3
6429 3
6430 1
6431 2
6432 2
6433 3
6434 0
6435 3
6436 1
6437 3
6438 1
6439 2
6440 1
6441 2
6442 1
6443 2
6444 2
6445 2
6446 2
6447 2
6448 1
6449 3
6450 1
6451 2
6452 4
6453 1
6454 1
6455 2
6456 2
6457 2
6458 2
6459 2
6460 2
6461 2
6462 3
6463 1
6464 1
6465 1
6466 2
6467 1
6468 1
6469 4
6470 1
6471 2
6472 2
6473 2
6474 4
6475 1
6476 2
6477 2
6478 3
6479 1
6480 3
6481 1
6482 3
6483 2
6484 2
6485 2
6486 1
6487 2
6488 3
6489 2
6490 2
6491 2
6492 2
6493 1
6494 3
6495 2
6496 1
6497 3
6498 2
6499 2
6500 2
6501 1
6502 2
6503 3
6504 2
6505 1
6506 1
6507 2
6508 1
6509 4
6510 1
6511 1
6512 6
6513 2
6514 2
6515 2
6516 2
6517 3
6518 1
6519 2
6520 1
6521 2
6522 1
6523 3
6524 1
6525 1
6526 3
6527 2
6528 2
6529 3
6530 2
6531 2
6532 4
6533 1
6534 3
6535 1
6536 3
6537 2
6538 2
6539 2
6540 2
6541 2
6542 2
6543 2
6544 1
6545 2
6546 2
6547 2
6548 3
6549 2
6550 1
6551 3
6552 1
6553 2
6554 3
6555 2
6556 1
6557 3
6558 2
6559 2
6560 2
6561 2
6562 2
6563 3
6564 2
6565 2
6566 1
6567 2
6568 4
6569 1
6570 1
6571 1
6572 2
6573 2
6574 18
6575 1
6576 1
6577 2
6578 1
6579 2
6580 1
6581 2
6582 2
6583 1
6584 1
6585 2
6586 1
6587 2
6588 2
6589 2
6590 1
6591 1
6592 3
6593 1
6594 1
6595 3
6596 2
6597 1
6598 1
6599 2
6600 3
6601 2
6602 1
6603 2
6604 2
6605 1
6606 1
6607 2
6608 2
6609 2
6610 2
6611 3
6612 1
6613 2
6614 1
6615 3
6616 3
6617 1
6618 2
6619 2
6620 2
6621 2
6622 2
6623 1
6624 3
6625 3
6626 1
6627 2
6628 2
6629 1
6630 2
6631 2
6632 2
6633 1
6634 2
6635 2
6636 2
6637 1
6638 1
6639 2
6640 2
6641 2
6642 1
6643 2
6644 2
6645 3
6646 1
6647 2
6648 1
6649 2
6650 2
6651 0
6652 1
6653 3
6654 2
6655 2
6656 2
6657 2
6658 1
6659 3
6660 1
6661 2
6662 1
6663 2
6664 1
6665 2
6666 3
6667 2
6668 1
6669 2
6670 3
6671 2
6672 2
6673 2
6674 2
6675 3
6676 2
6677 2
6678 2
6679 2
6680 2
6681 2
6682 2
6683 2
6684 1
6685 2
6686 2
6687 2
6688 2
6689 2
6690 1
6691 2
6692 2
6693 3
6694 17
6695 1
6696 2
6697 2
6698 4
6699 2
6700 2
6701 1
6702 4
6703 2
6704 5
6705 1
6706 1
6707 2
6708 3
6709 1
6710 2
6711 1
6712 1
6713 2
6714 1
6715 2
6716 3
6717 1
6718 2
6719 2
6720 1
6721 3
6722 2
6723 2
6724 2
6725 3
6726 1
6727 1
6728 2
6729 1
6730 3
6731 3
6732 2
6733 2
6734 3
6735 1
6736 2
6737 2
6738 3
6739 2
6740 2
6741 1
6742 1
6743 1
6744 1
6745 1
6746 3
6747 1
6748 1
6749 2
6750 1
6751 2
6752 1
6753 1
6754 3
6755 2
6756 1
6757 2
6758 3
6759 2
6760 3
6761 1
6762 2
6763 1
6764 2
6765 1
6766 3
6767 2
6768 2
6769 2
6770 2
6771 2
6772 2
6773 3
6774 2
6775 3
6776 2
6777 2
6778 2
6779 2
6780 2
6781 1
6782 2
6783 2
6784 1
6785 2
6786 1
6787 1
6788 1
6789 2
6790 1
6791 2
6792 2
6793 1
6794 2
6795 1
6796 1
6797 2
6798 2
6799 2
6800 1
6801 3
6802 2
6803 1
6804 2
6805 3
6806 2
6807 3
6808 2
6809 2
6810 1
6811 2
6812 1
6813 2
6814 3
6815 1
6816 1
6817 2
6818 3
6819 2
6820 2
6821 2
6822 1
6823 1
6824 2
6825 2
6826 1
6827 2
6828 2
6829 2
6830 2
6831 1
6832 1
6833 2
6834 1
6835 2
6836 2
6837 1
6838 3
6839 1
6840 3
6841 2
6842 1
6843 2
6844 3
6845 1
6846 1
6847 4
6848 2
6849 2
6850 2
6851 2
6852 2
6853 1
6854 1
6855 1
6856 2
6857 3
6858 1
6859 1
6860 2
6861 1
6862 2
6863 1
6864 2
6865 2
6866 3
6867 1
6868 2
6869 1
6870 2
6871 2
6872 2
6873 1
6874 2
6875 5
6876 3
6877 4
6878 2
6879 1
6880 1
6881 1
6882 1
6883 3
6884 1
6885 2
6886 2
6887 1
6888 2
6889 2
6890 2
6891 3
6892 2
6893 2
6894 2
6895 1
6896 2
6897 2
6898 1
6899 2
6900 1
6901 2
6902 3
6903 1
6904 1
6905 1
6906 1
6907 2
6908 3
6909 1
6910 3
6911 1
6912 1
6913 2
6914 2
6915 1
6916 2
6917 1
6918 2
6919 1
6920 1
6921 1
6922 2
6923 3
6924 2
6925 3
6926 2
6927 2
6928 1
6929 2
6930 2
6931 1
6932 2
6933 2
6934 17
6935 2
6936 2
6937 2
6938 1
6939 1
6940 3
6941 2
6942 2
6943 3
6944 2
6945 1
6946 1
6947 1
6948 3
6949 2
6950 2
6951 3
6952 2
6953 2
6954 1
6955 4
6956 2
6957 3
6958 1
6959 1
6960 1
6961 2
6962 2
6963 3
6964 1
6965 1
6966 2
6967 2
6968 3
6969 1
6970 2
6971 2
6972 1
6973 3
6974 2
6975 1
6976 2
6977 1
6978 1
6979 3
6980 2
6981 3
6982 1
6983 1
6984 3
6985 2
6986 1
6987 3
6988 1
6989 2
6990 3
6991 2
6992 1
6993 2
6994 1
6995 1
6996 0
6997 2
6998 3
6999 2
7000 2
7001 2
7002 2
7003 2
7004 2
7005 2
7006 2
7007 3
7008 1
7009 1
7010 1
7011 1
7012 1
7013 2
7014 1
7015 2
7016 3
7017 2
7018 1
7019 2
7020 1
7021 1
7022 2
7023 2
7024 1
7025 2
7026 1
7027 2
7028 2
7029 3
7030 3
7031 2
7032 2
7033 2
7034 1
7035 1
7036 2
7037 2
7038 2
7039 1
7040 2
7041 2
7042 4
7043 2
7044 1
7045 2
7046 1
7047 2
7048 2
7049 3
7050 1
7051 2
7052 2
7053 3
7054 15
7055 2
7056 2
7057 1
7058 1
7059 3
7060 1
7061 3
7062 1
7063 1
7064 2
7065 3
7066 1
7067 2
7068 2
7069 1
7070 2
7071 3
7072 2
7073 3
7074 1
7075 2
7076 1
7077 2
7078 2
7079 2
7080 3
7081 2
7082 3
7083 2
7084 2
7085 4
7086 2
7087 1
7088 3
7089 1
7090 1
7091 1
7092 1
7093 2
7094 3
7095 1
7096 1
7097 3
7098 2
7099 2
7100 2
7101 2
7102 2
7103 2
7104 3
7105 1
7106 2
7107 2
7108 2
7109 3
7110 1
7111 2
7112 3
7113 1
7114 2
7115 2
7116 2
7117 2
7118 1
7119 2
7120 3
7121 2
7122 2
7123 2
7124 3
7125 1
7126 1
7127 2
7128 3
7129 3
7130 1
7131 2
7132 3
7133 1
7134 2
7135 2
7136 1
7137 2
7138 2
7139 3
7140 1
7141 2
7142 1
7143 2
7144 2
7145 2
7146 1
7147 1
7148 2
7149 2
7150 1
7151 2
7152 3
7153 2
7154 1
7155 2
7156 1
7157 1
7158 2
7159 1
7160 2
7161 1
7162 2
7163 2
7164 2
7165 2
7166 2
7167 3
7168 2
7169 2
7170 1
7171 4
7172 1
7173 2
7174 15
7175 2
7176 2
7177 2
7178 2
7179 2
7180 1
7181 1
7182 2
7183 1
7184 3
7185 1
7186 1
7187 1
7188 3
7189 2
7190 3
7191 2
7192 1
7193 1
7194 2
7195 2
7196 1
7197 2
7198 3
7199 2
7200 1
7201 3
7202 1
7203 2
7204 3
7205 1
7206 2
7207 1
7208 2
7209 2
7210 3
7211 2
7212 1
7213 2
7214 2
7215 3
7216 2
7217 1
7218 2
7219 1
7220 2
7221 3
7222 2
7223 2
7224 1
7225 2
7226 3
7227 2
7228 3
7229 2
7230 1
7231 2
7232 1
7233 2
7234 2
7235 1
7236 2
7237 3
7238 2
7239 2
7240 2
7241 1
7242 4
7243 1
7244 2
7245 1
7246 1
7247 2
7248 2
7249 2
7250 2
7251 1
7252 1
7253 3
7254 3
7255 1
7256 1
7257 1
7258 1
7259 2
7260 3
7261 1
7262 1
7263 3
7264 2
7265 3
7266 2
7267 1
7268 2
7269 2
7270 2
7271 1
7272 2
7273 2
7274 1
7275 3
7276 2
7277 1
7278 1
7279 1
7280 3
7281 2
7282 1
7283 2
7284 2
7285 2
7286 3
7287 3
7288 2
7289 3
7290 1
7291 2
7292 2
7293 2
7294 2
7295 1
7296 2
7297 3
7298 1
7299 2
7300 2
7301 1
7302 2
7303 3
7304 1
7305 1
7306 3
7307 2
7308 1
7309 1
7310 1
7311 1
7312 3
7313 2
7314 3
7315 1
7316 2
7317 1
7318 1
7319 1
7320 2
7321 2
7322 2
7323 2
7324 2
7325 3
7326 2
7327 2
7328 1
7329 1
7330 2
7331 2
7332 1
7333 2
7334 3
7335 2
7336 2
7337 2
7338 3
7339 2
7340 3
7341 2
7342 2
7343 2
7344 1
7345 4
7346 2
7347 2
7348 2
7349 3
7350 1
7351 2
7352 2
7353 1
7354 2
7355 2
7356 2
7357 2
7358 2
7359 2
7360 2
7361 1
7362 3
7363 2
7364 3
7365 2
7366 2
7367 2
7368 2
7369 2
7370 3
7371 2
7372 1
7373 2
7374 1
7375 1
7376 3
7377 1
7378 2
7379 2
7380 2
7381 3
7382 3
7383 1
7384 1
7385 3
7386 3
7387 2
7388 2
7389 2
7390 2
7391 2
7392 3
7393 2
7394 2
7395 3
7396 3
7397 2
7398 1
7399 1
7400 0
7401 2
7402 3
7403 1
7404 3
7405 2
7406 2
7407 3
7408 1
7409 2
7410 2
7411 1
7412 1
7413 2
7414 2
7415 1
7416 1
7417 3
7418 2
7419 2
7420 1
7421 2
7422 3
7423 3
7424 2
7425 2
7426 2
7427 2
7428 2
7429 2
7430 2
7431 3
7432 2
7433 2
7434 1
7435 2
7436 1
7437 2
7438 2
7439 1
7440 1
7441 2
7442 3
7443 1
7444 3
7445 2
7446 1
7447 3
7448 3
7449 2
7450 2
7451 2
7452 3
7453 2
7454 2
7455 2
7456 1
7457 3
7458 2
7459 2
7460 2
7461 2
7462 3
7463 2
7464 3
7465 2
7466 2
7467 2
7468 2
7469 2
7470 1
7471 1
7472 3
7473 2
7474 4
7475 1
7476 1
7477 4
7478 2
7479 3
7480 2
7481 2
7482 2
7483 2
7484 2
7485 6
7486 1
7487 4
7488 3
7489 2
7490 2
7491 3
7492 1
7493 1
7494 3
7495 2
7496 3
7497 1
7498 2
7499 1
7500 1
7501 2
7502 3
7503 2
7504 1
7505 2
7506 2
7507 3
7508 1
7509 1
7510 3
7511 2
7512 1
7513 3
7514 2
7515 3
7516 2
7517 2
7518 2
7519 1
7520 2
7521 2
7522 3
7523 2
7524 2
7525 3
7526 1
7527 2
7528 2
7529 1
7530 2
7531 2
7532 2
7533 2
7534 20
7535 1
7536 3
7537 3
7538 1
7539 2
7540 3
7541 2
7542 2
7543 2
7544 1
7545 1
7546 1
7547 2
7548 2
7549 3
7550 2
7551 3
7552 2
7553 2
7554 2
7555 2
7556 1
7557 2
7558 3
7559 0
7560 1
7561 2
7562 2
7563 3
7564 2
7565 1
7566 1
7567 1
7568 2
7569 2
7570 1
7571 2
7572 1
7573 1
7574 1
7575 5
7576 1
7577 2
7578 3
7579 3
7580 1
7581 6
7582 2
7583 2
7584 3
7585 2
7586 1
7587 2
7588 2
7589 2
7590 2
7591 2
7592 3
7593 1
7594 1
7595 4
7596 3
7597 1
7598 2
7599 3
7600 2
7601 2
7602 2
7603 1
7604 1
7605 3
7606 1
7607 2
7608 4
7609 1
7610 4
7611 2
7612 2
7613 2
7614 4
7615 5
7616 3
7617 2
7618 3
7619 1
7620 2
7621 2
7622 2
7623 1
7624 3
7625 1
7626 3
7627 1
7628 1
7629 2
7630 2
7631 3
7632 2
7633 3
7634 1
7635 3
7636 3
7637 1
7638 3
7639 2
7640 2
7641 3
7642 1
7643 5
7644 3
7645 2
7646 1
7647 1
7648 1
7649 2
7650 3
7651 2
7652 3
7653 2
7654 3
7655 2
7656 1
7657 1
7658 2
7659 3
7660 1
7661 2
7662 4
7663 2
7664 2
7665 2
7666 2
7667 2
7668 3
7669 2
7670 2
7671 1
7672 1
7673 2
7674 2
7675 1
7676 2
7677 3
7678 1
7679 1
7680 1
7681 2
7682 2
7683 2
7684 2
7685 1
7686 2
7687 1
7688 3
7689 2
7690 1
7691 2
7692 2
7693 4
7694 2
7695 1
7696 1
7697 1
7698 1
7699 3
7700 2
7701 3
7702 3
7703 2
7704 1
7705 3
7706 2
7707 2
7708 3
7709 2
7710 1
7711 1
7712 2
7713 2
7714 2
7715 1
7716 2
7717 2
7718 4
7719 5
7720 3
7721 2
7722 1
7723 2
7724 3
7725 1
7726 2
7727 1
7728 3
7729 4
7730 1
7731 2
7732 1
7733 2
7734 1
7735 3
7736 2
7737 2
7738 3
7739 2
7740 3
7741 2
7742 2
7743 3
7744 2
7745 2
7746 2
7747 3
7748 2
7749 4
7750 1
7751 1
7752 1
7753 1
7754 3
7755 1
7756 2
7757 2
7758 2
7759 2
7760 3
7761 2
7762 2
7763 2
7764 2
7765 3
7766 1
7767 2
7768 2
7769 1
7770 2
7771 2
7772 1
7773 2
7774 2
7775 1
7776 3
7777 2
7778 2
7779 2
7780 1
7781 1
7782 3
7783 3
7784 2
7785 3
7786 2
7787 1
7788 1
7789 1
7790 2
7791 2
7792 2
7793 2
7794 1
7795 1
7796 3
7797 2
7798 2
7799 3
7800 2
7801 1
7802 1
7803 2
7804 1
7805 2
7806 3
7807 3
7808 1
7809 3
7810 2
7811 2
7812 2
7813 2
7814 2
7815 2
7816 2
7817 1
7818 2
7819 1
7820 1
7821 3
7822 2
7823 4
7824 2
7825 2
7826 3
7827 1
7828 1
7829 3
7830 2
7831 1
7832 2
7833 2
7834 3
7835 2
7836 2
7837 2
7838 2
7839 2
7840 2
7841 2
7842 1
7843 1
7844 2
7845 3
7846 2
7847 2
7848 2
7849 2
7850 3
7851 3
7852 2
7853 3
7854 2
7855 2
7856 1
7857 2
7858 1
7859 2
7860 1
7861 1
7862 2
7863 1
7864 3
7865 1
7866 1
7867 1
7868 4
7869 2
7870 3
7871 2
7872 2
7873 3
7874 1
7875 2
7876 2
7877 1
7878 2
7879 2
7880 1
7881 3
7882 2
7883 0
7884 3
7885 4
7886 2
7887 1
7888 2
7889 2
7890 2
7891 3
7892 2
7893 2
7894 2
7895 1
7896 3
7897 2
7898 2
7899 1
7900 2
7901 2
7902 2
7903 1
7904 3
7905 1
7906 2
7907 2
7908 1
7909 2
7910 2
7911 2
7912 1
7913 2
7914 2
7915 2
7916 2
7917 2
7918 2
7919 3
7920 1
7921 1
7922 2
7923 1
7924 1
7925 1
7926 3
7927 2
7928 1
7929 2
7930 1
7931 3
7932 2
7933 1
7934 2
7935 1
7936 2
7937 1
7938 5
7939 2
7940 3
7941 3
7942 3
7943 2
7944 2
7945 2
7946 2
7947 3
7948 3
7949 1
7950 1
7951 1
7952 3
7953 2
7954 2
7955 2
7956 2
7957 2
7958 2
7959 1
7960 2
7961 2
7962 2
7963 2
7964 2
7965 1
7966 2
7967 2
7968 1
7969 3
7970 2
7971 2
7972 1
7973 2
7974 2
7975 2
7976 1
7977 2
7978 1
7979 2
7980 3
7981 2
7982 2
7983 2
7984 1
7985 3
7986 2
7987 2
7988 2
7989 3
7990 1
7991 10
7992 2
7993 1
7994 2
7995 1
7996 1
7997 2
7998 3
7999 0
8000 3
8001 2
8002 2
8003 3
8004 2
8005 1
8006 2
8007 1
8008 1
8009 1
8010 2
8011 2
8012 1
8013 2
8014 19
8015 2
8016 2
8017 3
8018 1
8019 2
8020 2
8021 1
8022 2
8023 1
8024 2
8025 3
8026 2
8027 1
8028 2
8029 6
8030 2
8031 3
8032 2
8033 2
8034 2
8035 2
8036 1
8037 3
8038 1
8039 2
8040 2
8041 1
8042 2
8043 2
8044 1
8045 2
8046 1
8047 2
8048 1
8049 1
8050 2
8051 2
8052 1
8053 3
8054 1
8055 3
8056 2
8057 1
8058 1
8059 3
8060 1
8061 3
8062 2
8063 2
8064 2
8065 2
8066 2
8067 4
8068 2
8069 1
8070 2
8071 2
8072 1
8073 2
8074 2
8075 3
8076 2
8077 3
8078 2
8079 2
8080 2
8081 1
8082 2
8083 3
8084 2
8085 2
8086 2
8087 1
8088 2
8089 3
8090 2
8091 3
8092 2
8093 2
8094 1
8095 2
8096 2
8097 2
8098 2
8099 3
8100 3
8101 3
8102 1
8103 2
8104 2
8105 2
8106 3
8107 2
8108 2
8109 2
8110 1
8111 2
8112 2
8113 2
8114 2
8115 2
8116 3
8117 1
8118 2
8119 1
8120 3
8121 2
8122 2
8123 2
8124 2
8125 1
8126 2
8127 1
8128 2
8129 1
8130 1
8131 2
8132 1
8133 1
8134 15
8135 2
8136 1
8137 4
8138 2
8139 2
8140 2
8141 3
8142 2
8143 4
8144 2
8145 2
8146 3
8147 1
8148 1
8149 2
8150 2
8151 2
8152 3
8153 3
8154 2
8155 2
8156 1
8157 1
8158 4
8159 3
8160 2
8161 3
8162 3
8163 3
8164 2
8165 3
8166 1
8167 3
8168 2
8169 1
8170 2
8171 1
8172 2
8173 1
8174 1
8175 1
8176 1
8177 2
8178 1
8179 2
8180 2
8181 2
8182 1
8183 1
8184 1
8185 3
8186 1
8187 3
8188 1
8189 1
8190 1
8191 2
8192 5
8193 1
8194 2
8195 1
8196 2
8197 2
8198 3
8199 1
8200 1
8201 1
8202 2
8203 3
8204 2
8205 1
8206 3
8207 1
8208 1
8209 3
8210 2
8211 2
8212 2
8213 2
8214 2
8215 2
8216 1
8217 1
8218 2
8219 1
8220 1
8221 1
8222 1
8223 1
8224 2
8225 2
8226 4
8227 2
8228 3
8229 1
8230 2
8231 2
8232 1
8233 2
8234 2
8235 1
8236 2
8237 2
8238 2
8239 3
8240 1
8241 1
8242 1
8243 3
8244 2
8245 2
8246 2
8247 3
8248 2
8249 1
8250 2
8251 3
8252 2
8253 1
8254 17
8255 1
8256 4
8257 3
8258 3
8259 1
8260 1
8261 1
8262 3
8263 1
8264 2
8265 3
8266 2
8267 3
8268 2
8269 1
8270 2
8271 2
8272 2
8273 3
8274 2
8275 1
8276 2
8277 2
8278 2
8279 2
8280 2
8281 2
8282 3
8283 3
8284 2
8285 2
8286 1
8287 1
8288 4
8289 6
8290 1
8291 2
8292 2
8293 2
8294 2
8295 4
8296 2
8297 3
8298 1
8299 2
8300 2
8301 2
8302 2
8303 1
8304 2
8305 2
8306 1
8307 1
8308 2
8309 2
8310 1
8311 2
8312 1
8313 3
8314 2
8315 1
8316 3
8317 3
8318 1
8319 2
8320 1
8321 1
8322 2
8323 2
8324 2
8325 2
8326 1
8327 12
8328 3
8329 1
8330 2
8331 2
8332 3
8333 2
8334 2
8335 2
8336 1
8337 2
8338 2
8339 1
8340 4
8341 1
8342 2
8343 1
8344 4
8345 2
8346 2
8347 4
8348 1
8349 1
8350 3
8351 2
8352 1
8353 2
8354 2
8355 1
8356 1
8357 1
8358 2
8359 2
8360 2
8361 3
8362 2
8363 5
8364 1
8365 2
8366 3
8367 3
8368 2
8369 3
8370 1
8371 2
8372 2
8373 1
8374 17
8375 2
8376 2
8377 9
8378 2
8379 1
8380 3
8381 2
8382 2
8383 2
8384 2
8385 1
8386 1
8387 3
8388 2
8389 2
8390 3
8391 2
8392 2
8393 3
8394 2
8395 1
8396 1
8397 2
8398 2
8399 3
8400 1
8401 2
8402 2
8403 1
8404 1
8405 2
8406 2
8407 2
8408 2
8409 2
8410 2
8411 1
8412 2
8413 2
8414 2
8415 3
8416 2
8417 1
8418 2
8419 1
8420 3
8421 3
8422 1
8423 1
8424 1
8425 2
8426 3
8427 1
8428 2
8429 1
8430 2
8431 4
8432 2
8433 3
8434 1
8435 1
8436 2
8437 1
8438 3
8439 2
8440 2
8441 2
8442 1
8443 1
8444 2
8445 2
8446 2
8447 2
8448 1
8449 2
8450 2
8451 2
8452 2
8453 2
8454 1
8455 2
8456 3
8457 1
8458 2
8459 2
8460 1
8461 3
8462 2
8463 1
8464 1
8465 1
8466 3
8467 2
8468 2
8469 2
8470 1
8471 2
8472 3
8473 1
8474 3
8475 3
8476 2
8477 3
8478 2
8479 1
8480 4
8481 1
8482 2
8483 3
8484 1
8485 3
8486 2
8487 1
8488 2
8489 2
8490 2
8491 4
8492 1
8493 2
8494 1
8495 2
8496 2
8497 1
8498 1
8499 3
8500 1
8501 2
8502 1
8503 2
8504 2
8505 2
8506 3
8507 2
8508 2
8509 1
8510 3
8511 2
8512 1
8513 1
8514 1
8515 2
8516 3
8517 2
8518 2
8519 2
8520 1
8521 1
8522 1
8523 3
8524 2
8525 2
8526 4
8527 2
8528 2
8529 1
8530 2
8531 1
8532 5
8533 3
8534 2
8535 1
8536 2
8537 2
8538 2
8539 1
8540 3
8541 3
8542 2
8543 2
8544 2
8545 1
8546 2
8547 3
8548 2
8549 1
8550 2
8551 2
8552 2
8553 1
8554 1
8555 2
8556 3
8557 2
8558 1
8559 5
8560 3
8561 1
8562 2
8563 3
8564 1
8565 3
8566 2
8567 2
8568 1
8569 3
8570 2
8571 3
8572 2
8573 2
8574 2
8575 1
8576 2
8577 3
8578 1
8579 2
8580 1
8581 2
8582 2
8583 1
8584 1
8585 1
8586 2
8587 2
8588 3
8589 2
8590 3
8591 2
8592 2
8593 1
8594 1
8595 3
8596 2
8597 1
8598 1
8599 2
8600 2
8601 2
8602 3
8603 2
8604 1
8605 2
8606 3
8607 3
8608 1
8609 6
8610 4
8611 3
8612 1
8613 2
8614 16
8615 1
8616 2
8617 2
8618 2
8619 2
8620 3
8621 3
8622 1
8623 2
8624 3
8625 1
8626 3
8627 3
8628 1
8629 1
8630 2
8631 2
8632 1
8633 3
8634 2
8635 2
8636 1
8637 3
8638 1
8639 1
8640 3
8641 5
8642 5
8643 1
8644 2
8645 4
8646 3
8647 2
8648 6
8649 2
8650 2
8651 1
8652 3
8653 1
8654 2
8655 2
8656 2
8657 3
8658 1
8659 2
8660 1
8661 2
8662 3
8663 2
8664 2
8665 3
8666 2
8667 3
8668 1
8669 2
8670 2
8671 2
8672 2
8673 2
8674 2
8675 2
8676 2
8677 3
8678 2
8679 2
8680 3
8681 3
8682 2
8683 3
8684 3
8685 2
8686 1
8687 2
8688 2
8689 4
8690 1
8691 3
8692 2
8693 1
8694 1
8695 3
8696 2
8697 2
8698 2
8699 2
8700 1
8701 1
8702 2
8703 2
8704 2
8705 4
8706 2
8707 3
8708 2
8709 1
8710 1
8711 4
8712 3
8713 3
8714 1
8715 2
8716 1
8717 2
8718 3
8719 1
8720 1
8721 1
8722 1
8723 1
8724 2
8725 3
8726 3
8727 2
8728 2
8729 2
8730 1
8731 3
8732 1
8733 2
8734 16
8735 2
8736 1
8737 2
8738 2
8739 2
8740 1
8741 2
8742 2
8743 3
8744 2
8745 2
8746 3
8747 2
8748 2
8749 1
8750 2
8751 2
8752 1
8753 2
8754 2
8755 2
8756 2
8757 1
8758 3
8759 1
8760 1
8761 3
8762 2
8763 1
8764 2
8765 1
8766 2
8767 3
8768 1
8769 2
8770 2
8771 2
8772 1
8773 1
8774 2
8775 1
8776 2
8777 1
8778 2
8779 2
8780 2
8781 4
8782 2
8783 2
8784 3
8785 1
8786 2
8787 1
8788 2
8789 2
8790 2
8791 1
8792 1
8793 2
8794 1
8795 2
8796 1
8797 1
8798 4
8799 1
8800 1
8801 3
8802 1
8803 1
8804 2
8805 5
8806 2
8807 1
8808 1
8809 2
8810 3
8811 2
8812 2
8813 4
8814 3
8815 2
8816 4
8817 2
8818 1
8819 3
8820 1
8821 2
8822 1
8823 2
8824 1
8825 2
8826 3
8827 1
8828 2
8829 3
8830 1
8831 2
8832 1
8833 2
8834 2
8835 3
8836 1
8837 3
8838 1
8839 1
8840 1
8841 2
8842 2
8843 3
8844 1
8845 1
8846 2
8847 1
8848 2
8849 3
8850 2
8851 2
8852 1
8853 2
8854 5
8855 2
8856 1
8857 1
8858 2
8859 1
8860 3
8861 1
8862 2
8863 2
8864 1
8865 2
8866 1
8867 3
8868 1
8869 1
8870 2
8871 2
8872 2
8873 2
8874 2
8875 2
8876 2
8877 2
8878 2
8879 3
8880 2
8881 3
8882 3
8883 2
8884 4
8885 2
8886 1
8887 2
8888 2
8889 2
8890 1
8891 2
8892 1
8893 2
8894 2
8895 2
8896 2
8897 1
8898 1
8899 3
8900 2
8901 2
8902 2
8903 1
8904 2
8905 2
8906 1
8907 3
8908 2
8909 2
8910 2
8911 1
8912 1
8913 3
8914 2
8915 2
8916 1
8917 1
8918 2
8919 3
8920 1
8921 1
8922 1
8923 2
8924 3
8925 3
8926 2
8927 2
8928 1
8929 2
8930 3
8931 1
8932 2
8933 2
8934 1
8935 1
8936 2
8937 3
8938 2
8939 3
8940 1
8941 2
8942 3
8943 2
8944 1
8945 3
8946 1
8947 1
8948 2
8949 1
8950 2
8951 3
8952 2
8953 2
8954 1
8955 3
8956 3
8957 2
8958 2
8959 3
8960 2
8961 1
8962 2
8963 2
8964 2
8965 3
8966 2
8967 2
8968 3
8969 1
8970 2
8971 1
8972 2
8973 2
8974 15
8975 1
8976 2
8977 2
8978 2
8979 4
8980 1
8980 2
8980 1
8980 2
8980 1
8980 1
8980 3
8981 2
8982 2
8983 2
8983 2
8983 2
8983 2
8983 2
8983 1
8984 2
8984 1
8984 2
8985 2
8986 2
8986 3
8986 2
8986 2
8986 2
8986 1
8986 3
8986 1
8987 1
8988 3
8988 2
8989 3
8990 2
8991 2
8991 1
8991 2
8991 3
8991 2
8991 2
8992 3
8993 1
8993 3
8993 2
8993 2
8994 2
8995 2
8996 1
8997 3
8998 1
8999 1
8999 1
9000 2
9001 2
9002 1
9003 1
9004 2
9005 4
9006 2
9007 2
9008 2
9008 3
9009 2
9010 2
9011 2
9012 2
9013 2
9014 3
9015 2
9016 1
9017 2
9017 4
9018 2
9019 1
9020 2
9021 3
9022 2
9023 2
9024 2
9025 1
9026 1
9026 2
9027 2
9028 2
9029 2
9029 2
9029 2
9029 2
9029 3
9029 1
9030 1
9031 2
9031 2
9031 2
9031 1
9031 1
9031 2
9031 2
9031 3
9031 2
9032 2
9033 4
9033 2
9033 1
9033 2
9033 2
9033 2
9033 2
9033 2
9033 1
9034 1
9035 1
9035 3
9035 2
9035 2
9035 1
9035 16
9035 2
9035 3
9035 1
9036 2
9037 1
9037 2
9037 2
9037 2
9037 2
9037 2
9037 2
9037 3
9037 1
9038 1
9039 1
9039 2
9039 1
9039 2
9039 3
9039 1
9039 2
9039 3
9039 1
9040 3
9041 1
9041 2
9041 3
9041 2
9041 1
9041 2
9041 1
9041 3
9041 2
9042 1
9043 2
9043 1
9043 1
9043 2
9043 2
9043 2
9043 3
9043 2
9043 1
9044 2
9045 2
9045 3
9045 3
9045 1
9045 1
9045 5
9045 1
9045 2
9045 1
9046 3
9047 2
9047 2
9047 1
9047 1
9047 1
9047 2
9047 1
9047 2
9047 1
9048 2
9049 1
9049 1
9049 2
9049 3
9049 1
9049 2
9049 3
9049 3
9049 1
9050 1
9051 3
9051 2
9051 2
9051 2
9052 2
9053 2
9054 2
9055 2
9056 3
9057 1
9058 2
9059 2
9060 2
9061 2
9062 2
9063 2
9064 2
9065 1
9066 2
9067 2
9067 2
9068 2
9069 1
9070 2
9071 3
9072 2
9073 2
9074 3
9075 2
9076 3
9076 2
9077 1
9078 1
9079 3
9080 1
9081 2
9082 1
9083 1
9084 2
9085 1
9085 2
9086 3
9087 2
9088 2
9089 2
9090 2
9091 2
9092 3
9093 1
9094 1
9094 1
9095 1
9096 2
9097 4
9098 1
9099 2
9100 1
9101 2
9102 2
9103 4
9104 2
9105 3
9106 2
9107 2
9108 2
9109 1
9110 1
9111 4
9112 3
9113 2
9114 1
9115 2
9116 1
9117 1
9118 2
9119 2
9120 3
9121 2
9122 2
9123 3
9124 1
9124 2
9124 2
9124 3
9124 2
9125 2
9126 2
9127 2
9128 2
9129 3
9129 2
9130 3
9131 2
9132 2
9133 1
9134 2
9135 1
9135 2
9136 2
9137 2
9137 2
9138 3
9139 2
9140 3
9141 2
9142 2
9143 1
9144 3
9145 3
9146 2
9146 1
9147 1
9148 2
9149 2
9150 3
9151 2
9152 1
9153 2
9154 1
9155 2
9155 2
9156 2
9157 4
9158 1
9159 2
9160 1
9161 3
9162 1
9163 3
9164 2
9165 2
9166 2
9167 2
9168 1
9168 2
9168 2
9168 1
9168 2
9168 1
9168 2
9169 4
9170 3
9171 3
9172 2
9172 4
9172 3
9172 2
9172 2
9172 3
9172 3
9173 2
9173 3
9173 7
9173 2
9173 2
9173 2
9173 1
9173 1
9173 1
9173 4
9174 1
9174 2
9174 3
9174 1
9174 3
9174 3
9174 3
9174 1
9174 3
9174 2
9175 2
9175 3
9175 2
9175 1
9175 3
9175 1
9175 2
9175 1
9175 1
9175 2
9176 1
9176 2
9176 2
9176 2
9177 3
9178 2
9179 1
9180 2
9181 2
9182 2
9183 3
9184 4
9185 1
9186 1
9187 2
9188 3
9189 2
9190 1
9191 2
9192 2
9193 1
9193 2
9193 1
9193 3
9193 4
9193 1
9193 1
9193 3
9193 2
9194 2
9195 2
9195 4
9195 1
9195 2
9195 3
9195 2
9195 2
9195 2
9195 2
9196 2
9197 3
9197 1
9197 2
9197 1
9197 4
9197 3
9197 1
9197 2
9197 1
9198 2
9199 3
9199 1
9199 1
9199 2
9199 2
9199 2
9199 3
9199 2
9199 3
9200 0
9201 1
9201 2
9201 3
9201 1
9201 2
9201 2
9201 2
9201 3
9201 2
9202 3
9203 2
9203 3
9203 1
9203 1
9203 1
9203 2
9203 3
9203 1
9203 4
9204 2
9205 1
9205 2
9205 2
9205 1
9205 3
9205 3
9205 1
9205 2
9205 2
9206 2
9207 3
9207 1
9207 1
9207 1
9207 3
9207 3
9207 2
9207 1
9207 1
9208 1
9209 2
9209 5
9209 2
9209 2
9209 1
9209 2
9209 1
9209 1
9209 1
9210 1
9211 2
9211 3
9211 4
9211 3
9211 1
9211 2
9211 2
9211 3
9211 2
9212 3
9213 2
9213 1
9213 1
9214 2
9215 2
9216 3
9217 1
9218 2
9219 2
9220 2
9220 2
9221 3
9222 1
9223 2
9224 2
9225 2
9226 2
9227 2
9228 2
9229 1
9229 3
9230 2
9231 2
9232 3
9233 2
9234 2
9235 2
9236 1
9237 2
9238 3
9238 1
9239 1
9240 2
9241 3
9242 1
9243 2
9244 3
9245 3
9246 2
9247 2
9247 2
9248 1
9249 2
9250 2
9250 1
9250 1
9250 3
9250 2
9250 2
9250 2
9251 2
9252 3
9253 2
9254 1
9255 2
9256 2
9257 1
9258 3
9259 1
9260 3
9261 3
9262 1
9263 3
9264 2
9265 2
9266 2
9267 2
9268 2
9269 1
9270 1
9271 2
9271 2
9271 1
9271 2
9271 2
9271 2
9271 2
9271 2
9272 2
9273 2
9274 2
9274 2
9274 3
9274 1
9274 2
9274 3
9274 2
9275 2
9276 3
9277 4
9278 2
9278 3
9278 1
9278 1
9278 1
9278 2
9278 2
9279 4
9280 1
9281 5
9282 3
9283 1
9284 1
9285 2
9286 2
9287 3
9288 2
9289 2
9290 1
9291 2
9292 2
9293 2
9294 1
9295 2
9296 2
9297 2
9298 2
9299 4
9300 1
9301 4
9302 2
9303 2
9304 1
9305 2
9306 1
9307 2
9308 3
9309 1
9310 1
9311 1
9311 4
9312 2
9313 1
9314 1
9314 2
9314 2
9314 2
9314 3
9315 2
9316 5
9317 1
9317 2
9317 2
9317 2
9317 14
9317 1
9318 3
9319 1
9319 2
9319 2
9319 1
9320 2
9321 3
9322 3
9323 2
9324 3
9325 2
9326 1
9326 2
9326 3
9326 2
9327 3
9328 1
9329 1
9330 3
9331 1
9332 1
9333 3
9333 2
9333 2
9333 2
9334 2
9335 4
9336 1
9336 1
9336 2
9336 1
9337 3
9338 2
9339 2
9340 3
9340 2
9340 1
9340 2
9340 3
9340 2
9340 2
9341 2
9342 1
9343 3
9344 6
9344 2
9344 2
9344 2
9344 2
9344 2
9344 2
9345 3
9346 2
9347 2
9348 3
9348 2
9348 2
9348 1
9348 2
9348 2
9348 2
9349 1
9350 2
9351 2
9352 2
9352 2
9352 3
9352 3
9352 2
9352 2
9352 2
9353 2
9354 3
9355 2
9356 3
9356 2
9356 2
9356 3
9356 1
9356 2
9356 2
9357 2
9358 1
9359 1
9360 2
9360 1
9360 2
9360 3
9360 2
9360 3
9360 1
9361 1
9362 1
9363 3
9364 1
9364 4
9364 2
9364 2
9364 2
9364 2
9364 2
9365 3
9366 1
9367 2
9368 2
9368 1
9368 2
9368 2
9368 3
9368 1
9368 2
9369 3
9370 1
9371 2
9372 3
9373 3
9373 2
9373 1
9373 4
9373 2
9373 3
9374 3
9375 6
9376 2
9377 2
9378 2
9378 1
9378 3
9378 2
9378 1
9378 1
9379 2
9380 3
9381 2
9382 2
9383 1
9383 1
9383 3
9383 1
9383 4
9383 1
9384 2
9385 0
9386 3
9387 1
9388 2
9389 1
9390 2
9391 2
9392 2
9393 3
9394 1
9394 2
9394 1
9394 3
9395 2
9395 3
9395 2
9395 1
9395 1
9395 1
9395 2
9396 2
9397 3
9398 1
9399 3
9400 1
9401 2
9402 1
9403 2
9404 1
9405 1
9406 3
9407 2
9408 2
9409 1
9410 2
9411 2
9412 2
9413 2
9414 2
9415 1
9416 2
9417 2
9418 1
9419 2
9420 4
9421 1
9422 1
9423 1
9424 2
9425 2
9426 2
9427 3
9428 1
9429 1
9430 2
9431 3
9432 1
9433 2
9434 3
9435 2
9436 1
9437 3
9437 2
9437 2
9438 3
9439 2
9440 1
9441 2
9442 2
9443 2
9444 3
9445 1
9445 2
9445 2
9446 1
9447 3
9448 2
9449 2
9450 2
9451 2
9451 3
9452 1
9453 1
9453 1
9454 1
9455 2
9456 2
9456 2
9456 1
9457 1
9458 3
9459 2
9460 2
9461 5
9462 1
9463 2
9464 3
9465 2
9466 1
9467 2
9468 2
9469 1
9470 2
9470 3
9471 4
9472 1
9473 1
9474 2
9475 2
9476 2
9477 3
9478 1
9478 4
9479 2
9479 1
9479 1
9479 2
9479 2
9479 2
9479 1
9479 2
9480 2
9481 2
9482 2
9482 2
9482 2
9483 2
9484 3
9485 2
9486 5
9487 1
9488 3
9489 1
9490 1
9491 2
9492 2
9493 1
9494 2
9495 2
9496 2
9496 2
9496 1
9496 3
9496 2
9497 2
9498 3
9499 3
9500 1
9501 1
9502 2
9502 1
9502 3
9502 1
9502 2
9503 2
9504 2
9505 2
9506 3
9507 2
9508 3
9508 2
9508 1
9508 2
9508 2
9509 2
9510 2
9511 2
9512 3
9513 2
9514 3
9515 1
9516 2
9517 3
9518 2
9519 3
9520 1
9520 4
9521 17
9522 2
9523 4
9523 2
9523 1
9523 2
9523 1
9524 2
9525 3
9526 2
9527 1
9528 1
9529 1
9529 3
9529 3
9529 1
9529 1
9530 3
9531 1
9532 3
9533 1
9534 2
9535 3
9535 2
9535 1
9535 3
9535 2
9536 2
9537 1
9538 1
9539 2
9540 2
9541 3
9541 2
9541 1
9541 2
9541 1
9542 2
9543 2
9544 2
9545 1
9546 1
9547 2
9547 1
9547 3
9547 2
9547 1
9548 2
9549 2
9550 2
9551 1
9552 2
9553 2
9553 2
9553 2
9553 3
9553 3
9554 2
9555 2
9556 3
9557 1
9558 2
9559 2
9559 1
9559 3
9559 1
9559 1
