1428887123603954919 1428887123602275444 1679475 5.94
1428887123776530408 1428887123774567259 1963149 5.87
1428887123944858973 1428887123942431397 2427576 5.89
1428887124104534315 1428887124102836996 1697319 5.98
1428887124272787014 1428887124270674622 2112392 5.97
1428887124438089655 1428887124435091853 2997802 5.99
1428887124602335766 1428887124599886404 2449362 6.00
1428887124763376000 1428887124760392363 2983637 6.03
1428887124924136472 1428887124922525328 1611144 6.05
1428887125091002350 1428887125089137065 1865285 6.04
1428887125252045764 1428887125251378549 667215 6.06
1428887125414778342 1428887125413066268 1712074 6.06
1428887125575030924 1428887125573484366 1546558 6.08
1428887125734051802 1428887125733968951 82851 6.09
1428887125895015444 1428887125894403719 611725 6.10
1428887126054919796 1428887126054532050 387746 6.11
1428887126219174309 1428887126215009519 4164790 6.11
1428887126378198482 1428887126376318202 1880280 6.12
1428887126540137264 1428887126537008183 3129081 6.12
1428887126699187755 1428887126698705970 481785 6.13
1428887126859623597 1428887126859191988 431609 6.13
1428887127022067080 1428887127020885085 1181995 6.13
1428887127182483190 1428887127182224752 258438 6.14
1428887127343217083 1428887127342922136 294947 6.14
1428887127505441614 1428887127503590882 1850732 6.14
1428887127669587326 1428887127668108484 1478842 6.14
1428887127829374320 1428887127828856110 518210 6.15
1428887127992944958 1428887127991155506 1789452 6.14
1428887128156466595 1428887128154509558 1957037 6.14
1428887128318573538 1428887128317111927 1461611 6.14
1428887128481449640 1428887128477612610 3837030 6.14
1428887128638465571 1428887128638106518 359053 6.15
1428887128798632386 1428887128798331375 301011 6.15
1428887128958714677 1428887128958475249 239428 6.16
1428887129119148496 1428887129118910954 237542 6.16
1428887129279551557 1428887129279278328 273229 6.16
1428887129439952606 1428887129439663170 289436 6.16
1428887129601050067 1428887129600165738 884329 6.16
1428887129766565095 1428887129762331486 4233609 6.16
1428887129924242924 1428887129923535032 707892 6.16
1428887130085377300 1428887130084583233 794067 6.17
1428887130246807264 1428887130244905667 1901597 6.17
1428887130409292057 1428887130405345792 3946265 6.17
1428887130571971456 1428887130566743120 5228336 6.17
1428887130729155068 1428887130727241798 1913270 6.17
1428887130892514200 1428887130887745693 4768507 6.17
1428887131049541077 1428887131048280030 1261047 6.17
1428887131208918661 1428887131208391014 527647 6.17
1428887131370864009 1428887131368675991 2188018 6.17
1428887131533033569 1428887131529085558 3948011 6.17
1428887131690686949 1428887131689953845 733104 6.18
1428887131857210422 1428887131851189682 6020740 6.17
1428887132014951287 1428887132011692281 3259006 6.18
1428887132173710031 1428887132172043816 1666215 6.18
1428887132335013657 1428887132332539668 2473989 6.18
1428887132493434195 1428887132492868513 565682 6.18
1428887132654529274 1428887132653826676 702598 6.18
1428887132814900824 1428887132814030735 870089 6.18
1428887132974660130 1428887132974270465 389665 6.19
1428887133135344964 1428887133134884053 460911 6.19
1428887133295944198 1428887133295547347 396851 6.19
1428887133457371192 1428887133457193513 177679 6.19
1428887133618966768 1428887133618670032 296736 6.19
1428887133779543867 1428887133779238196 305671 6.19
1428887133940032198 1428887133939730691 301507 6.19
1428887134100601550 1428887134100289560 311990 6.19
1428887134262871179 1428887134261024213 1846966 6.19
1428887134428143808 1428887134423474800 4669008 6.19
1428887134585987458 1428887134583893013 2094445 6.19
1428887134748455392 1428887134744343243 4112149 6.19
1428887134907452229 1428887134904815340 2636889 6.19
1428887135068335440 1428887135066270689 2064751 6.19
1428887135230549207 1428887135229058968 1490239 6.19
1428887135391251431 1428887135389328902 1922529 6.19
1428887135553191417 1428887135552898659 292758 6.19
1428887135716960375 1428887135714346805 2613570 6.19
1428887135878211718 1428887135876719967 1491751 6.19
1428887136041795068 1428887136037099306 4695762 6.19
1428887136198429846 1428887136197517867 911979 6.19
1428887136359168797 1428887136358577390 591407 6.19
1428887136519273207 1428887136518862961 410246 6.19
1428887136684738062 1428887136682314153 2423909 6.19
1428887136843268684 1428887136842604151 664533 6.19
1428887137003681341 1428887137002817761 863580 6.19
1428887137164024188 1428887137163022426 1001762 6.19
1428887137328051042 1428887137323307072 4743970 6.19
1428887137490248503 1428887137485438145 4810358 6.19
1428887137647320184 1428887137646733512 586672 6.19
1428887137809102609 1428887137807403421 1699188 6.19
1428887137969918286 1428887137969475973 442313 6.19
1428887138131640102 1428887138130841388 798714 6.19
1428887138295887247 1428887138294013215 1874032 6.19
1428887138461236948 1428887138460373844 863104 6.19
1428887138627196579 1428887138622288528 4908051 6.19
1428887138787102418 1428887138782543997 4558421 6.19
1428887138947456196 1428887138945109452 2346744 6.19
1428887139109313706 1428887139107807280 1506426 6.19
1428887139271341789 1428887139269605351 1736438 6.19
1428887139432002518 1428887139431563499 439019 6.19
1428887139593091105 1428887139592041024 1050081 6.19
1428887139752453038 1428887139752183720 269318 6.19
1428887139912837206 1428887139912592277 244929 6.19
1428887140073762987 1428887140073326034 436953 6.19
1428887140233987667 1428887140233533743 453924 6.19
1428887140394566450 1428887140393714622 851828 6.19
1428887140554658152 1428887140553913323 744829 6.19
1428887140714911889 1428887140714097134 814755 6.19
1428887140875167355 1428887140874290882 876473 6.19
1428887141034741199 1428887141034461534 279665 6.19
1428887141197200360 1428887141195639793 1560567 6.19
1428887141359082257 1428887141357570631 1511626 6.19
1428887141521636652 1428887141519618026 2018626 6.19
1428887141680242902 1428887141679923854 319048 6.19
1428887141850103051 1428887141840956811 9146240 6.19
1428887142002644573 1428887142001198082 1446491 6.19
1428887142165008720 1428887142163206890 1801830 6.19
1428887142326868566 1428887142325294308 1574258 6.19
1428887142488939361 1428887142486977628 1961733 6.19
1428887142650348454 1428887142647402154 2946300 6.19
1428887142808233035 1428887142807653136 579899 6.19
1428887142970833549 1428887142967851847 2981702 6.19
1428887143133464561 1428887143128371551 5093010 6.19
1428887143293184078 1428887143289052615 4131463 6.19
1428887143452737010 1428887143449521330 3215680 6.19
1428887143610540092 1428887143609758766 781326 6.20
1428887143770521017 1428887143770027284 493733 6.20
1428887143931084134 1428887143930811727 272407 6.20
1428887144092465377 1428887144091937956 527421 6.20
1428887144252620001 1428887144252197806 422195 6.20
1428887144415321020 1428887144412854344 2466676 6.20
1428887144575845268 1428887144573482047 2363221 6.20
1428887144738149225 1428887144734861737 3287488 6.20
1428887144896161884 1428887144895083620 1078264 6.20
1428887145055715682 1428887145055628553 87129 6.20
1428887145219497699 1428887145216255508 3242191 6.20
1428887145378288029 1428887145376555825 1732204 6.20
1428887145538388704 1428887145536804265 1584439 6.20
1428887145699745243 1428887145697240865 2504378 6.20
1428887145858605745 1428887145857446401 1159344 6.20
1428887146019037923 1428887146018835464 202459 6.20
1428887146181592976 1428887146181032891 560085 6.20
1428887146345200144 1428887146342370034 2830110 6.20
1428887146503444032 1428887146502874482 569550 6.20
1428887146668177453 1428887146664717072 3460381 6.20
1428887146826795118 1428887146825043734 1751384 6.20
1428887146986882123 1428887146985592912 1289211 6.20
1428887147147171796 1428887147146883619 288177 6.20
1428887147308906838 1428887147307386986 1519852 6.20
1428887147471051763 1428887147468036548 3015215 6.20
1428887147636643629 1428887147628684582 7959047 6.20
1428887147797642817 1428887147797432081 210736 6.20
1428887147973063092 1428887147959235512 13827580 6.19
1428887148119614019 1428887148119398757 215262 6.20
1428887148285167442 1428887148284936671 230771 6.20
1428887148448479025 1428887148445995740 2483285 6.20
1428887148609566471 1428887148607304879 2261592 6.20
1428887148774687521 1428887148768197970 6489551 6.20
1428887148932946957 1428887148928740790 4206167 6.20
1428887149089884310 1428887149088954566 929744 6.20
1428887149253719934 1428887149249423393 4296541 6.20
1428887149412541355 1428887149412030485 510870 6.20
1428887149573289425 1428887149572915126 374299 6.20
1428887149734619824 1428887149734160813 459011 6.20
1428887149895532521 1428887149895011645 520876 6.20
1428887150056175456 1428887150055771055 404401 6.20
1428887150216571355 1428887150216213772 357583 6.20
1428887150379390004 1428887150376793228 2596776 6.20
1428887150540997191 1428887150537365074 3632117 6.20
1428887150698956347 1428887150697549662 1406685 6.20
1428887150858188917 1428887150857686280 502637 6.20
1428887151018260671 1428887151018078732 181939 6.20
1428887151181522270 1428887151178760683 2761587 6.20
1428887151344931598 1428887151341941212 2990386 6.20
1428887151506004667 1428887151504601597 1403070 6.20
1428887151668309050 1428887151664836557 3472493 6.20
1428887151825739449 1428887151825040550 698899 6.20
1428887151986185534 1428887151985233537 951997 6.20
1428887152151003793 1428887152146200524 4803269 6.20
1428887152306429777 1428887152306342435 87342 6.20
1428887152467987586 1428887152466949271 1038315 6.20
1428887152631514477 1428887152629115221 2399256 6.20
1428887152795571936 1428887152792063148 3508788 6.20
1428887152953492334 1428887152953327279 165055 6.20
1428887153120782640 1428887153114423835 6358805 6.20
1428887153281763505 1428887153276710120 5053385 6.20
1428887153439473494 1428887153437118217 2355277 6.20
1428887153601246661 1428887153597795390 3451271 6.20
1428887153764126021 1428887153762362921 1763100 6.20
1428887153925133947 1428887153924469860 664087 6.20
1428887154087320476 1428887154086057853 1262623 6.20
1428887154249648815 1428887154248926070 722745 6.20
1428887154410193717 1428887154409800524 393193 6.20
1428887154570908779 1428887154570534171 374608 6.20
1428887154731778362 1428887154731523861 254501 6.20
1428887154891951850 1428887154891696991 254859 6.20
1428887155056183860 1428887155053064653 3119207 6.20
1428887155214056162 1428887155213224366 831796 6.20
1428887155374582897 1428887155373918163 664734 6.20
1428887155534818024 1428887155534065195 752829 6.20
1428887155694869878 1428887155694246891 622987 6.20
1428887155854766921 1428887155854430433 336488 6.20
1428887156017786932 1428887156016471806 1315126 6.20
1428887156181138966 1428887156178499016 2639950 6.20
1428887156339531509 1428887156338878293 653216 6.20
1428887156504800123 1428887156499746916 5053207 6.20
1428887156662501299 1428887156660996397 1504902 6.20
1428887156821713423 1428887156821184622 528801 6.20
1428887156983656619 1428887156981568391 2088228 6.20
1428887157146987181 1428887157143077770 3909411 6.20
1428887157307343388 1428887157303484546 3858842 6.20
1428887157465696234 1428887157463779636 1916598 6.20
1428887157625294456 1428887157624161115 1133341 6.20
1428887157786349953 1428887157785642370 707583 6.20
1428887157947102311 1428887157945976063 1126248 6.20
1428887158106552191 1428887158106192289 359902 6.20
1428887158268526053 1428887158266892620 1633433 6.20
1428887158430152678 1428887158428683886 1468792 6.20
1428887158589599393 1428887158589322285 277108 6.20
1428887158750163042 1428887158749805201 357841 6.20
1428887158917412387 1428887158915790848 1621539 6.20
1428887159078313689 1428887159077988772 324917 6.20
1428887159241556359 1428887159241043159 513200 6.20
1428887159407549175 1428887159402483579 5065596 6.20
1428887159563667461 1428887159562773182 894279 6.20
1428887159730339437 1428887159723493240 6846197 6.20
1428887159889077387 1428887159887345591 1731796 6.20
1428887160048537222 1428887160047962963 574259 6.20
1428887160208567044 1428887160208079087 487957 6.20
1428887160369686261 1428887160368294800 1391461 6.20
1428887160533472028 1428887160528493738 4978290 6.20
1428887160689228753 1428887160689029611 199142 6.20
1428887160849938115 1428887160849597425 340690 6.20
1428887161015691480 1428887161013540094 2151386 6.20
1428887161178302653 1428887161176199761 2102892 6.20
1428887161338183553 1428887161336362952 1820601 6.20
1428887161497526305 1428887161496700163 826142 6.20
1428887161660820036 1428887161657034147 3785889 6.20
1428887161819154736 1428887161818665027 489709 6.20
1428887161982814150 1428887161981987387 826763 6.20
1428887162148486616 1428887162143842829 4643787 6.20
1428887162308425611 1428887162305307451 3118160 6.20
1428887162466239842 1428887162465558271 681571 6.20
1428887162628460602 1428887162626986436 1474166 6.20
1428887162789990436 1428887162788115525 1874911 6.20
1428887162950795404 1428887162950409157 386247 6.20
1428887163110970201 1428887163110584747 385454 6.20
1428887163272727657 1428887163271773091 954566 6.20
1428887163436952101 1428887163432630003 4322098 6.20
1428887163596018998 1428887163593157022 2861976 6.20
1428887163760047818 1428887163756995963 3051855 6.20
1428887163921417083 1428887163917748674 3668409 6.20
1428887164087150429 1428887164078377845 8772584 6.20
1428887164242704793 1428887164238807377 3897416 6.20
1428887164406636334 1428887164399378097 7258237 6.20
1428887164563550399 1428887164560048261 3502138 6.20
1428887164725167369 1428887164722052456 3114913 6.20
1428887164886259792 1428887164884182306 2077486 6.20
1428887165048404990 1428887165047926954 478036 6.20
1428887165208851908 1428887165208574924 276984 6.20
1428887165370038076 1428887165369065341 972735 6.20
1428887165533412457 1428887165530148699 3263758 6.20
1428887165691512149 1428887165691005358 506791 6.20
1428887165851443606 1428887165851154398 289208 6.20
1428887166015917468 1428887166014392838 1524630 6.20
1428887166180832238 1428887166178061428 2770810 6.20
1428887166338801280 1428887166338326705 474575 6.20
1428887166500726588 1428887166499161915 1564673 6.20
1428887166664593963 1428887166659452399 5141564 6.20
1428887166820039938 1428887166819937555 102383 6.20
1428887166981893768 1428887166981143816 749952 6.20
1428887167147584828 1428887167143453770 4131058 6.20
1428887167305408367 1428887167303874761 1533606 6.20
1428887167464989920 1428887167464110995 878925 6.20
1428887167625632266 1428887167624947265 685001 6.20
1428887167786389351 1428887167785918220 471131 6.20
1428887167949495112 1428887167946267323 3227789 6.20
1428887168109467684 1428887168107060333 2407351 6.20
1428887168267669877 1428887168267313804 356073 6.20
1428887168432832132 1428887168428132214 4699918 6.20
1428887168589629753 1428887168588460903 1168850 6.20
1428887168753832596 1428887168749051366 4781230 6.20
1428887168910013030 1428887168909403508 609522 6.20
1428887169071084620 1428887169069755453 1329167 6.20
1428887169235587903 1428887169231389262 4198641 6.20
1428887169395071134 1428887169393256010 1815124 6.20
1428887169554388593 1428887169553924857 463736 6.20
1428887169714888245 1428887169714460398 427847 6.20
1428887169879795462 1428887169875126971 4668491 6.20
1428887170037261621 1428887170036422069 839552 6.20
1428887170197069081 1428887170196509219 559862 6.20
1428887170357730066 1428887170356728972 1001094 6.20
1428887170517442113 1428887170516981337 460776 6.20
1428887170679337529 1428887170677912368 1425161 6.20
1428887170838952116 1428887170838334789 617327 6.20
1428887171002155149 1428887171000811446 1343703 6.20
1428887171167129717 1428887171165392871 1736846 6.20
1428887171331052887 1428887171329938145 1114742 6.20
1428887171492991111 1428887171490256546 2734565 6.20
1428887171655905601 1428887171650708046 5197555 6.20
1428887171811391901 1428887171811243764 148137 6.20
1428887171977739671 1428887171975972497 1767174 6.20
1428887172141242949 1428887172138227953 3014996 6.20
1428887172308341523 1428887172298871544 9469979 6.20
1428887172464274858 1428887172463527430 747428 6.20
1428887172627320220 1428887172624995123 2325097 6.20
1428887172790267616 1428887172789966536 301080 6.20
1428887172950817196 1428887172950485762 331434 6.20
1428887173112660014 1428887173112457399 202615 6.20
1428887173280466836 1428887173276277387 4189449 6.20
1428887173437455057 1428887173436895873 559184 6.20
1428887173597811921 1428887173597381513 430408 6.20
1428887173760998949 1428887173758660747 2338202 6.20
1428887173919209618 1428887173919020234 189384 6.20
1428887174088567102 1428887174088379748 187354 6.20
1428887174253041278 1428887174249516275 3525003 6.20
1428887174410510234 1428887174409722818 787416 6.20
1428887174571450667 1428887174569878514 1572153 6.20
1428887174733700246 1428887174730235536 3464710 6.20
1428887174891810625 1428887174890482058 1328567 6.20
1428887175051980761 1428887175051750447 230314 6.20
1428887175214108230 1428887175212581796 1526434 6.20
1428887175374527125 1428887175373824430 702695 6.20
1428887175534721586 1428887175534022838 698748 6.20
1428887175696835934 1428887175694734042 2101892 6.20
1428887175857032361 1428887175855118066 1914295 6.20
1428887176018134037 1428887176017150911 983126 6.20
1428887176181582584 1428887176179198128 2384456 6.20
1428887176340756344 1428887176339895558 860786 6.20
1428887176505261634 1428887176500779646 4481988 6.20
1428887176663438882 1428887176661353653 2085229 6.20
1428887176822007320 1428887176821537773 469547 6.20
1428887176985517401 1428887176985092324 425077 6.20
1428887177148951287 1428887177146580662 2370625 6.20
1428887177308081006 1428887177307686893 394113 6.20
1428887177468913342 1428887177468681633 231709 6.20
1428887177630308048 1428887177629927002 381046 6.20
1428887177791533065 1428887177791113166 419899 6.20
1428887177957155461 1428887177954912939 2242522 6.20
1428887178117670538 1428887178117359201 311337 6.20
1428887178279600102 1428887178279011779 588323 6.20
1428887178441114150 1428887178440902286 211864 6.20
1428887178601841045 1428887178601262356 578689 6.20
1428887178761939009 1428887178761822950 116059 6.20
1428887178922333566 1428887178921951868 381698 6.20
1428887179086100507 1428887179083607388 2493119 6.20
1428887179244161518 1428887179244003334 158184 6.20
1428887179406583351 1428887179404546887 2036464 6.20
1428887179567161535 1428887179565745099 1416436 6.20
1428887179728465951 1428887179726639052 1826899 6.20
1428887179890349329 1428887179887940510 2408819 6.20
1428887180049309417 1428887180048741683 567734 6.20
1428887180209746239 1428887180209080962 665277 6.20
1428887180369759976 1428887180369236158 523818 6.20
1428887180529974962 1428887180529405694 569268 6.20
1428887180690948714 1428887180689691184 1257530 6.20
1428887180851182922 1428887180849844547 1338375 6.20
1428887181014282450 1428887181013035011 1247439 6.20
1428887181175087024 1428887181174743103 343921 6.20
1428887181336979392 1428887181336633246 346146 6.20
1428887181500359291 1428887181497777390 2581901 6.20
1428887181658415305 1428887181657972801 442504 6.20
1428887181818586169 1428887181818110372 475797 6.20
1428887181978500230 1428887181978243067 257163 6.20
1428887182138902913 1428887182138635464 267449 6.20
1428887182299732405 1428887182299059318 673087 6.20
1428887182461263265 1428887182461042894 220371 6.20
1428887182623231751 1428887182621560219 1671532 6.20
1428887182787297484 1428887182784529350 2768134 6.20
1428887182952936742 1428887182949435190 3501552 6.20
1428887183113035672 1428887183111720948 1314724 6.20
1428887183277049933 1428887183274567828 2482105 6.20
1428887183436690400 1428887183435900171 790229 6.20
1428887183598651865 1428887183596526467 2125398 6.20
1428887183758587211 1428887183756880740 1706471 6.20
1428887183924495654 1428887183922513153 1982501 6.20
1428887184086210627 1428887184085751730 458897 6.20
1428887184247156312 1428887184246710095 446217 6.20
1428887184407258997 1428887184406856418 402579 6.20
1428887184572975026 1428887184568562767 4412259 6.20
1428887184729254499 1428887184728749282 505217 6.20
1428887184889425944 1428887184888889876 536068 6.20
1428887185051287909 1428887185049188411 2099498 6.20
1428887185209793475 1428887185209384656 408819 6.20
1428887185369793139 1428887185369518795 274344 6.20
1428887185533372622 1428887185531541336 1831286 6.20
1428887185692873783 1428887185691758867 1114916 6.20
1428887185853369735 1428887185852781712 588023 6.20
1428887186017651511 1428887186017054502 597009 6.20
1428887186178495992 1428887186177977955 518037 6.20
1428887186339973204 1428887186338533144 1440060 6.20
1428887186501619837 1428887186500170928 1448909 6.20
1428887186662599074 1428887186660569483 2029591 6.20
1428887186822533203 1428887186822078970 454233 6.20
1428887186982806480 1428887186982219663 586817 6.20
1428887187150193887 1428887187145100392 5093495 6.20
1428887187311417222 1428887187307160402 4256820 6.20
1428887187467598385 1428887187467358104 240281 6.20
1428887187630118517 1428887187627789064 2329453 6.20
1428887187790253049 1428887187789976703 276346 6.20
1428887187952250312 1428887187950470239 1780073 6.20
1428887188112571568 1428887188111947101 624467 6.20
1428887188278163988 1428887188274992625 3171363 6.20
1428887188437217098 1428887188436698020 519078 6.20
