1428890312226112502 1428890312225860204 252298 34.53
1428890312258407397 1428890312258025517 381880 32.65
1428890312291224820 1428890312289922071 1302749 31.89
1428890312324802370 1428890312322903361 1899009 31.34
1428890312353010590 1428890312351982989 1027601 32.08
1428890312383919927 1428890312383038448 881479 32.13
1428890312415203405 1428890312411867456 3335949 32.10
1428890312456871854 1428890312455719367 1152487 30.80
1428890312486187939 1428890312485757860 430079 31.14
1428890312515088906 1428890312513211728 1877178 31.45
1428890312552549958 1428890312551487538 1062420 30.95
1428890312588247939 1428890312586399943 1847996 30.68
1428890312617836655 1428890312615821145 2015510 30.90
1428890312645304026 1428890312644848087 455939 31.24
1428890312673458178 1428890312673047452 410726 31.49
1428890312702150338 1428890312701728085 422253 31.68
1428890312729400559 1428890312729030596 369963 31.94
1428890312757802634 1428890312756589923 1212711 32.11
1428890312785976890 1428890312784663106 1313784 32.27
1428890312813094619 1428890312812822654 271965 32.47
1428890312840869033 1428890312839863872 1005161 32.62
1428890312869085256 1428890312867750938 1334318 32.74
1428890312898325291 1428890312896296170 2029121 32.80
1428890312925678137 1428890312925298514 379623 32.94
1428890312953478808 1428890312952957123 521685 33.05
1428890312983847230 1428890312981063678 2783552 33.05
1428890313012932227 1428890313011090174 1842053 33.10
1428890313041122185 1428890313039839500 1282685 33.18
1428890313068673280 1428890313068242056 431224 33.28
1428890313097938703 1428890313096284690 1654013 33.30
1428890313125293640 1428890313124902153 391487 33.40
1428890313152554971 1428890313152160594 394377 33.49
1428890313180898402 1428890313179563901 1334501 33.55
1428890313671579470 1428890313671135606 443864 23.74
1428890313699597934 1428890313698027268 1570666 23.96
1428890313727829949 1428890313725228263 2601686 24.17
1428890313754058929 1428890313753304971 753958 24.41
1428890313781215341 1428890313780970305 245036 24.62
1428890313808331932 1428890313808058601 273331 24.83
1428890313835491960 1428890313835170969 320991 25.03
1428890313863657120 1428890313862941735 715385 25.20
1428890313892463634 1428890313890790336 1673298 25.36
1428890313919850492 1428890313919445138 405354 25.54
1428890313947113713 1428890313946720799 392914 25.71
1428890313974627381 1428890313974167063 460318 25.88
1428890314004620894 1428890314004421824 199070 26.00
1428890314036786136 1428890314035000627 1785509 26.09
1428890314064550002 1428890314064323382 226620 26.24
1428890314093364415 1428890314092269264 1095151 26.37
1428890314121234478 1428890314120786559 447919 26.51
1428890314148462493 1428890314148102329 360164 26.65
1428890314175599694 1428890314175279400 320294 26.79
1428890314202786224 1428890314202422671 363553 26.92
1428890314229833401 1428890314229595406 237995 27.06
1428890314256980079 1428890314256693256 286823 27.19
1428890314285873117 1428890314284952619 920498 27.29
1428890314559697248 1428890314559165984 531264 24.97
1428890314586589023 1428890314585935458 653565 25.11
1428890314613453614 1428890314612770374 683240 25.25
1428890314641063895 1428890314639577671 1486224 25.37
1428890314668784109 1428890314666555366 2228743 25.49
1428890314695156269 1428890314693643099 1513170 25.62
1428890314725120181 1428890314720881227 4238954 25.71
1428890314749738864 1428890314748944046 794818 25.86
1428890314777997661 1428890314776350165 1647496 25.96
1428890314804553395 1428890314804340374 213021 26.08
1428890314832288901 1428890314831869005 419896 26.18
1428890314859312148 1428890314859054965 257183 26.29
1428890314890101916 1428890314889068732 1033184 26.37
1428890314918379961 1428890314918010858 369103 26.46
1428890314948357841 1428890314946089006 2268835 26.53
1428890314977836897 1428890314976744086 1092811 26.61
1428890315008790950 1428890315008106548 684402 26.67
1428890315037198420 1428890315036877346 321074 26.76
1428890315066229157 1428890315064764984 1464173 26.84
1428890315096173869 1428890315094237600 1936269 26.91
1428890315125135944 1428890315124438606 697338 26.98
1428890315155135595 1428890315153360175 1775420 27.05
1428890315183690632 1428890315182818964 871668 27.12
1428890315853767354 1428890315853538707 228647 22.70
1428890315881476803 1428890315880595639 881164 22.80
1428890315908734029 1428890315908445652 288377 22.90
1428890315935864652 1428890315935581768 282884 23.00
1428890315963221769 1428890315962737873 483896 23.10
1428890315991210472 1428890315990758138 452334 23.19
1428890316019220560 1428890316018773558 447002 23.29
1428890316048185858 1428890316046319946 1865912 23.37
1428890316077003535 1428890316075828334 1175201 23.45
1428890316104933886 1428890316104419494 514392 23.54
1428890316136433103 1428890316135198045 1235058 23.61
1428890316163854558 1428890316163478591 375967 23.70
1428890316191799773 1428890316191476745 323028 23.78
1428890316223457688 1428890316221462048 1995640 23.84
1428890316254140255 1428890316251278500 2861755 23.91
1428890316280222507 1428890316278045710 2176797 24.00
1428890316306878076 1428890316304869986 2008090 24.09
1428890316332916768 1428890316332627260 289508 24.18
1428890316360838354 1428890316360493188 345166 24.26
1428890316387951364 1428890316387712628 238736 24.34
1428890316416854600 1428890316415344999 1509601 24.41
1428890316444029623 1428890316443683052 346571 24.49
1428890316471303864 1428890316470936055 367809 24.57
1428890316503223646 1428890316502982422 241224 24.62
1428890316530526818 1428890316530228993 297825 24.69
1428890316562219858 1428890316560451331 1768527 24.74
1428890316591252630 1428890316589729245 1523385 24.81
1428890316621162671 1428890316618265238 2897433 24.86
1428890316645709986 1428890316645324955 385031 24.95
1428890316678928064 1428890316673806384 5121680 24.99
1428890316704546334 1428890316702076923 2469411 25.07
1428890316738652910 1428890316729591059 9061851 25.10
1428890316760987146 1428890316758930371 2056775 25.20
1428890316789797339 1428890316788480532 1316807 25.26
1428890316816958739 1428890316816684843 273896 25.33
1428890316844046159 1428890316843762878 283281 25.39
1428890316872626531 1428890316871836590 789941 25.45
1428890316900820159 1428890316900243219 576940 25.51
1428890316929399674 1428890316927813913 1585761 25.57
1428890316956825285 1428890316956331304 493981 25.63
1428890316985723747 1428890316983751368 1972379 25.69
1428890317014991222 1428890317012958514 2032708 25.74
1428890317042436530 1428890317042037147 399383 25.80
1428890317069687120 1428890317069287842 399278 25.86
1428890317096959252 1428890317096557482 401770 25.92
1428890317125378219 1428890317124896258 481961 25.97
1428890317152837088 1428890317152191343 645745 26.03
1428890317853682432 1428890317849906231 3776201 23.16
1428890317881071169 1428890317880697072 374097 23.22
1428890317909176508 1428890317908397023 779485 23.28
1428890317937970958 1428890317936345073 1625885 23.34
1428890317966105696 1428890317964974100 1131596 23.40
1428890317994497069 1428890317993127002 1370067 23.46
1428890318022003168 1428890318021449276 553892 23.52
1428890318049621222 1428890318048997290 623932 23.58
1428890318077976440 1428890318076596911 1379529 23.64
1428890318105825002 1428890318104874773 950229 23.69
1428890318134692753 1428890318132830438 1862315 23.75
1428890318163094738 1428890318161865454 1229284 23.80
1428890318190484666 1428890318190043251 441415 23.86
1428890318218201592 1428890318217442184 759408 23.92
1428890318245696657 1428890318245203246 493411 23.97
1428890318273642480 1428890318272713337 929143 24.03
1428890318302186191 1428890318301710864 475327 24.08
1428890318329539489 1428890318329105191 434298 24.13
1428890318358650492 1428890318357337014 1313478 24.18
1428890318387133405 1428890318386648191 485214 24.23
1428890318415050332 1428890318414757495 292837 24.28
1428890318442689320 1428890318442206700 482620 24.34
1428890318469419831 1428890318468971461 448370 24.39
1428890318498917463 1428890318497639651 1277812 24.44
1428890318528123995 1428890318527582990 541005 24.48
1428890318557350413 1428890318555581188 1769225 24.53
1428890318586869659 1428890318586071202 798457 24.57
1428890318615119557 1428890318614692570 426987 24.62
1428890318645465894 1428890318643517385 1948509 24.66
1428890318674124401 1428890318672623023 1501378 24.70
1428890318702076964 1428890318701063873 1013091 24.75
1428890318730712263 1428890318729316757 1395506 24.80
1428890318760058197 1428890318757893750 2164447 24.84
1428890318789454499 1428890318787354591 2099908 24.88
1428890318819260997 1428890318818892891 368106 24.92
1428890318846321331 1428890318846027784 293547 24.97
1428890318873427173 1428890318873134091 293082 25.01
1428890318900525742 1428890318900250397 275345 25.06
1428890318927627090 1428890318927348345 278745 25.11
1428890318954773947 1428890318954442767 331180 25.16
1428890318984215755 1428890318981825609 2390146 25.19
1428890319011733931 1428890319011248791 485140 25.24
1428890319041400196 1428890319039869525 1530671 25.28
1428890319070427883 1428890319068375550 2052333 25.32
1428890319102696682 1428890319099993999 2702683 25.34
1428890319130289499 1428890319129801549 487950 25.39
1428890319159838398 1428890319157438533 2399865 25.42
1428890319839418078 1428890319838910552 507526 23.42
1428890319866213709 1428890319865773424 440285 23.47
1428890319894146721 1428890319893357528 789193 23.52
1428890319920885090 1428890319920371703 513387 23.56
1428890319947713598 1428890319947197690 515908 23.61
1428890319974417675 1428890319974037601 380074 23.66
1428890320001255224 1428890320000845140 410084 23.71
1428890320029481195 1428890320027776002 1705193 23.75
1428890320055277964 1428890320054765069 512895 23.80
1428890320082725825 1428890320082231050 494775 23.84
1428890320110545999 1428890320109754402 791597 23.88
1428890320140203628 1428890320138656159 1547469 23.92
1428890320169520956 1428890320167358540 2162416 23.96
1428890320199936462 1428890320198803248 1133214 23.99
1428890320228452623 1428890320227856582 596041 24.03
1428890320257069516 1428890320256465905 603611 24.07
1428890320285560256 1428890320283947203 1613053 24.11
1428890320315122474 1428890320313795049 1327425 24.14
1428890320342754194 1428890320342063482 690712 24.18
1428890320371789705 1428890320370680709 1108996 24.22
1428890320400467489 1428890320398997928 1469561 24.26
1428890320429452150 1428890320427547515 1904635 24.29
1428890320458861185 1428890320456359662 2501523 24.33
1428890320490675305 1428890320490422849 252456 24.36
1428890320519119673 1428890320518900346 219327 24.39
1428890320546320337 1428890320545975314 345023 24.43
1428890320574302060 1428890320574000095 301965 24.47
1428890320602301041 1428890320601992911 308130 24.51
1428890320630492422 1428890320630232073 260349 24.55
1428890320658734514 1428890320658425533 308981 24.58
1428890320686763665 1428890320686514086 249579 24.62
1428890320716126916 1428890320715070723 1056193 24.65
1428890320745097239 1428890320743544175 1553064 24.68
1428890320772496529 1428890320771966341 530188 24.72
1428890320800593432 1428890320800287463 305969 24.76
1428890320827846082 1428890320827433761 412321 24.80
1428890320855941711 1428890320854744010 1197701 24.83
1428890320884015901 1428890320882896976 1118925 24.87
1428890320911313068 1428890320910889055 424013 24.90
1428890320940079115 1428890320939508163 570952 24.93
1428890320967356172 1428890320966903153 453019 24.97
1428890320994831803 1428890320994409335 422468 25.01
1428890321023440167 1428890321022091453 1348714 25.04
1428890321050545200 1428890321050265099 280101 25.08
1428890321079265277 1428890321077643531 1621746 25.11
1428890321109197547 1428890321108996786 200761 25.13
1428890321136394344 1428890321136149457 244887 25.17
1428890321163429737 1428890321163191862 237875 25.21
1428890321846233906 1428890321845752231 481675 23.63
1428890321874617831 1428890321874148464 469367 23.66
1428890321904120072 1428890321902545655 1574417 23.69
1428890321932920839 1428890321931274196 1646643 23.73
1428890321960629805 1428890321960064435 565370 23.76
1428890321990496214 1428890321989201967 1294247 23.79
1428890322019468762 1428890322017614475 1854287 23.82
1428890322048275406 1428890322046695581 1579825 23.86
1428890322076817216 1428890322075314792 1502424 23.89
1428890322104704682 1428890322104145080 559602 23.92
1428890322133111420 1428890322132356332 755088 23.95
1428890322160479884 1428890322159817182 662702 23.99
1428890322188600835 1428890322186851158 1749677 24.02
1428890322214318074 1428890322213828415 489659 24.06
1428890322243626171 1428890322243156626 469545 24.09
1428890322271800512 1428890322270519264 1281248 24.12
1428890322300858276 1428890322298870576 1987700 24.15
1428890322328109380 1428890322327737580 371800 24.18
1428890322355460999 1428890322355055631 405368 24.22
1428890322382694814 1428890322382309958 384856 24.25
1428890322409960675 1428890322409562040 398635 24.28
1428890322440318591 1428890322438476564 1842027 24.31
1428890322468549231 1428890322467505182 1044049 24.34
1428890322502428191 1428890322502263218 164973 24.36
1428890322531245301 1428890322530111371 1133930 24.39
1428890322558398446 1428890322558123191 275255 24.42
1428890322587322294 1428890322586468874 853420 24.45
1428890322614191529 1428890322613690601 500928 24.48
1428890322643200716 1428890322641327262 1873454 24.51
1428890322670398991 1428890322670151270 247721 24.54
1428890322697602469 1428890322697254490 347979 24.57
1428890322726921954 1428890322724963071 1958883 24.60
1428890322755232356 1428890322754951964 280392 24.63
1428890322782366509 1428890322782088556 277953 24.66
1428890322809485773 1428890322809200571 285202 24.69
1428890322836638246 1428890322836302048 336198 24.72
1428890322863911342 1428890322863478063 433279 24.75
1428890322893670553 1428890322891381277 2289276 24.77
1428890322921158548 1428890322920676076 482472 24.80
1428890322949570327 1428890322949303398 266929 24.83
1428890322978506843 1428890322976826015 1680828 24.86
1428890323007902965 1428890323005564783 2338182 24.88
1428890323035257089 1428890323034880339 376750 24.91
1428890323062494643 1428890323062100104 394539 24.94
1428890323089730156 1428890323089343358 386798 24.97
1428890323116955189 1428890323116577454 377735 25.00
1428890323145728839 1428890323143923865 1804974 25.03
1428890323830865929 1428890323830628088 237841 23.81
1428890323858425659 1428890323857748410 677249 23.84
1428890323885666393 1428890323885333550 332843 23.87
1428890323912843795 1428890323912512967 330828 23.90
1428890323940052244 1428890323939685833 366411 23.93
1428890323967250800 1428890323966872640 378160 23.96
1428890323994503021 1428890323994108876 394145 23.99
1428890324022088053 1428890324021496454 591599 24.02
1428890324055830429 1428890324053841261 1989168 24.03
1428890324084661958 1428890324082777258 1884700 24.06
1428890324111867988 1428890324111270350 597638 24.09
1428890324139313567 1428890324138745535 568032 24.12
1428890324168867778 1428890324167132329 1735449 24.14
1428890324196210714 1428890324195773413 437301 24.17
1428890324227166535 1428890324224618838 2547697 24.19
1428890324254594088 1428890324254174820 419268 24.22
1428890324283160032 1428890324281967429 1192603 24.24
1428890324313451236 1428890324313078414 372822 24.26
1428890324344808668 1428890324342724624 2084044 24.28
1428890324373093414 1428890324372862282 231132 24.31
1428890324402071906 1428890324400022142 2049764 24.33
1428890324429369784 1428890324429066862 302922 24.36
1428890324458208671 1428890324456279029 1929642 24.39
1428890324486091179 1428890324485744904 346275 24.41
1428890324514160902 1428890324513012947 1147955 24.44
1428890324541397466 1428890324541040751 356715 24.46
1428890324568681779 1428890324568221380 460399 24.49
1428890324600091497 1428890324598140662 1950835 24.51
1428890324628758029 1428890324628493160 264869 24.53
1428890324657017029 1428890324656769870 247159 24.56
1428890324685109530 1428890324684745218 364312 24.58
1428890324713352431 1428890324713125003 227428 24.61
1428890324741098812 1428890324740889870 208942 24.63
1428890324769196277 1428890324768970213 226064 24.66
1428890324796311248 1428890324796063718 247530 24.68
1428890324823386318 1428890324823162612 223706 24.71
1428890324853225749 1428890324853020997 204752 24.73
1428890324881307760 1428890324881025231 282529 24.76
1428890324913267304 1428890324912961760 305544 24.77
1428890324941543105 1428890324941271949 271156 24.80
1428890324971385367 1428890324969369940 2015427 24.82
1428890324997690124 1428890324996836050 854074 24.84
1428890325024112410 1428890325023708696 403714 24.87
1428890325051173642 1428890325050699463 474179 24.89
1428890325078158365 1428890325077640016 518349 24.92
1428890325105625508 1428890325104969469 656039 24.94
1428890325132777857 1428890325131846841 931016 24.97
1428890325159224941 1428890325158678718 546223 25.00
1428890325842060143 1428890325841692034 368109 23.89
1428890325871407580 1428890325869365896 2041684 23.91
1428890325900901436 1428890325898895304 2006132 23.94
1428890325928066228 1428890325927739325 326903 23.96
1428890325955461492 1428890325954989012 472480 23.99
1428890325982761546 1428890325982362996 398550 24.01
1428890326011682372 1428890326011075397 606975 24.03
1428890326040860742 1428890326040449347 411395 24.05
1428890326068522115 1428890326067772760 749355 24.08
1428890326099041230 1428890326097123364 1917866 24.10
1428890326126292250 1428890326126032994 259256 24.12
1428890326153359641 1428890326153091723 267918 24.15
1428890326182717406 1428890326180846684 1870722 24.17
1428890326209905630 1428890326209663998 241632 24.19
1428890326237155227 1428890326236950885 204342 24.22
1428890326265677875 1428890326265616220 61655 24.24
1428890326295770217 1428890326294475207 1295010 24.26
1428890326329280393 1428890326325061411 4218982 24.27
1428890326357883747 1428890326351951936 5931811 24.29
1428890326384113397 1428890326378835583 5277814 24.32
1428890326411760548 1428890326409316617 2443931 24.34
1428890326438253296 1428890326436252340 2000956 24.37
1428890326467106626 1428890326465048886 2057740 24.39
1428890326495004128 1428890326493841614 1162514 24.41
1428890326527293260 1428890326522931509 4361751 24.42
1428890326551337195 1428890326549769649 1567546 24.45
1428890326578273950 1428890326576624070 1649880 24.48
1428890326606467527 1428890326603475552 2991975 24.50
1428890326631255295 1428890326630342028 913267 24.53
1428890326659067078 1428890326657243830 1823248 24.55
1428890326686263665 1428890326685956629 307036 24.57
1428890326714074106 1428890326713912735 161371 24.59
1428890326742052450 1428890326741841125 211325 24.61
1428890326770859102 1428890326770468387 390715 24.63
1428890326797959350 1428890326797692427 266923 24.66
1428890326824986703 1428890326824753950 232753 24.68
1428890326852043828 1428890326851809438 234390 24.70
1428890326879100262 1428890326878867441 232821 24.72
1428890326906161444 1428890326905906857 254587 24.75
1428890326933209695 1428890326932988666 221029 24.77
1428890326962942790 1428890326961126623 1816167 24.79
1428890327021256106 1428890326992835370 28420736 24.76
1428890327021398496 1428890327020507707 890789 24.82
1428890327048461852 1428890327047840238 621614 24.85
1428890327075269017 1428890327074757595 511422 24.87
1428890327102051670 1428890327101603507 448163 24.89
1428890327838860042 1428890327838513893 346149 23.85
1428890327865993143 1428890327865712688 280455 23.87
1428890327894384000 1428890327893770007 613993 23.89
1428890327922910453 1428890327922189159 721294 23.91
1428890327951401526 1428890327949919311 1482215 23.93
1428890327979068311 1428890327978441995 626316 23.95
1428890328006679997 1428890328006086517 593480 23.97
1428890328035010064 1428890328033759590 1250474 23.99
1428890328063604595 1428890328062083086 1521509 24.01
1428890328091486826 1428890328090775686 711140 24.03
1428890328120101433 1428890328118530354 1571079 24.05
1428890328153778151 1428890328153350807 427344 24.07
1428890328182139781 1428890328181650361 489420 24.09
1428890328210954489 1428890328209187305 1767184 24.10
1428890328239354319 1428890328237986883 1367436 24.12
1428890328268814581 1428890328266468358 2346223 24.14
1428890328297422212 1428890328295995477 1426735 24.16
1428890328325900349 1428890328324508877 1391472 24.18
1428890328353655292 1428890328352945631 709661 24.20
1428890328381700608 1428890328380624583 1076025 24.22
1428890328414068573 1428890328412194822 1873751 24.23
1428890328441655035 1428890328441171643 483392 24.25
1428890328470668273 1428890328470214704 453569 24.27
1428890328501794267 1428890328498046500 3747767 24.29
1428890328526016981 1428890328524924095 1092886 24.31
1428890328554377948 1428890328551934035 2443913 24.33
1428890328579919915 1428890328579359437 560478 24.35
1428890328609046640 1428890328607247614 1799026 24.37
1428890328637515105 1428890328635027330 2487775 24.39
1428890328662532514 1428890328661966389 566125 24.41
1428890328689480720 1428890328688814359 666361 24.44
1428890328716067223 1428890328715665766 401457 24.46
1428890328743223190 1428890328742892982 330208 24.48
1428890328771226140 1428890328770903575 322565 24.50
1428890328798402535 1428890328798108757 293778 24.52
1428890328825326798 1428890328825213986 112812 24.54
1428890328855634721 1428890328854911922 722799 24.55
1428890328882808498 1428890328882518970 289528 24.57
1428890328910117632 1428890328909744489 373143 24.59
1428890328938339820 1428890328937887808 452012 24.61
1428890328967897325 1428890328966225590 1671735 24.63
1428890328995295494 1428890328994914599 380895 24.65
1428890329027194331 1428890329025241942 1952389 24.66
1428890329056897359 1428890329054730675 2166684 24.67
1428890329084234620 1428890329083882289 352331 24.69
1428890329112609426 1428890329112133536 475890 24.71
1428890329140714604 1428890329140157329 557275 24.73
1428890329829181792 1428890329828911489 270303 23.88
1428890329857796197 1428890329856090352 1705845 23.89
1428890329885146970 1428890329884779128 367842 23.91
1428890329912462114 1428890329912014327 447787 23.93
1428890329939840101 1428890329939347691 492410 23.95
1428890329968074528 1428890329967565209 509319 23.97
1428890329996603110 1428890329996032905 570205 23.99
1428890330024045795 1428890330023674208 371587 24.01
1428890330053292240 1428890330051111487 2180753 24.03
1428890330081069869 1428890330080308265 761604 24.04
1428890330109289450 1428890330108907907 381543 24.06
1428890330137269722 1428890330136935191 334531 24.08
1428890330166384716 1428890330164389764 1994952 24.10
1428890330194909200 1428890330193509819 1399381 24.11
1428890330222258154 1428890330221899869 358285 24.13
1428890330249530080 1428890330249125884 404196 24.15
1428890330277258784 1428890330276550605 708179 24.17
1428890330304842064 1428890330304393601 448463 24.19
1428890330333125019 1428890330332591615 533404 24.21
1428890330360159349 1428890330359539686 619663 24.23
1428890330387506677 1428890330386900546 606131 24.24
1428890330414493898 1428890330413897434 596464 24.26
1428890330441207709 1428890330440698591 509118 24.28
1428890330468298558 1428890330468018285 280273 24.30
1428890330495157411 1428890330494891245 266166 24.32
1428890330523155594 1428890330522591653 563941 24.34
1428890330550352062 1428890330549750079 601983 24.36
1428890330577219330 1428890330576692996 526334 24.37
1428890330605443295 1428890330603833049 1610246 24.39
1428890330632391773 1428890330632007455 384318 24.41
1428890330661109938 1428890330658978514 2131424 24.43
1428890330686859273 1428890330686075097 784176 24.45
1428890330715674244 1428890330714515175 1159069 24.46
1428890330741959469 1428890330741701488 257981 24.48
1428890330769072343 1428890330768797943 274400 24.50
1428890330796851229 1428890330796548436 302793 24.52
1428890330824938282 1428890330824572267 366015 24.53
1428890330852672722 1428890330851907556 765166 24.55
1428890330880235835 1428890330878994366 1241469 24.57
1428890330910004847 1428890330908798073 1206774 24.58
1428890330937589512 1428890330937095685 493827 24.60
1428890330966463221 1428890330964585866 1877355 24.61
1428890330993861728 1428890330993523871 337857 24.63
1428890331021095823 1428890331020742052 353771 24.65
1428890331050660583 1428890331048276307 2384276 24.66
1428890331078006508 1428890331077686525 319983 24.68
1428890331105207111 1428890331104876523 330588 24.70
1428890331132396069 1428890331132057611 338458 24.72
1428890331811606850 1428890331811368979 237871 23.96
1428890331838897270 1428890331838471696 425574 23.98
1428890331871163128 1428890331869500021 1663107 23.99
1428890331900264003 1428890331898355708 1908295 24.01
1428890331928248952 1428890331927220593 1028359 24.02
1428890331957633667 1428890331955420891 2212776 24.04
1428890331988025367 1428890331985818650 2206717 24.05
1428890332017096540 1428890332015215499 1881041 24.07
1428890332044617846 1428890332044148087 469759 24.08
1428890332072564834 1428890332071594713 970121 24.10
1428890332100030687 1428890332099539403 491284 24.12
1428890332128915854 1428890332127772165 1143689 24.13
1428890332158549285 1428890332156915698 1633587 24.15
1428890332186123234 1428890332185603425 519809 24.16
1428890332213547568 1428890332212400705 1146863 24.18
1428890332241046272 1428890332239315827 1730445 24.20
1428890332266885716 1428890332266311626 574090 24.22
1428890332293712016 1428890332293252153 459863 24.23
1428890332321708755 1428890332321341164 367591 24.25
1428890332349697675 1428890332348656466 1041209 24.26
1428890332376979953 1428890332376617291 362662 24.28
1428890332405022060 1428890332403827531 1194529 24.30
1428890332432390533 1428890332431910887 479646 24.31
1428890332461585099 1428890332461479033 106066 24.33
1428890332488777564 1428890332488435541 342023 24.35
1428890332516133890 1428890332515642056 491834 24.36
1428890332544216312 1428890332543818528 397784 24.38
1428890332571395250 1428890332571050831 344419 24.39
1428890332605950398 1428890332605731291 219107 24.40
1428890332636670956 1428890332634261256 2409700 24.41
1428890332665008374 1428890332663942573 1065801 24.43
1428890332692136696 1428890332691812167 324529 24.45
1428890332720013657 1428890332719020236 993421 24.46
1428890332748728045 1428890332748526099 201946 24.48
1428890332779995878 1428890332778846518 1149360 24.49
1428890332808629603 1428890332808441067 188536 24.50
1428890332839327474 1428890332837638178 1689296 24.51
1428890332866812471 1428890332866388969 423502 24.53
1428890332895032114 1428890332894746254 285860 24.54
1428890332922236729 1428890332921933020 303709 24.56
1428890332949272550 1428890332949046041 226509 24.58
1428890332977278860 1428890332976975149 303711 24.59
1428890333007103536 1428890333005409157 1694379 24.60
1428890333036292392 1428890333034433060 1859332 24.62
1428890333070997077 1428890333063020143 7976934 24.62
1428890333091852703 1428890333089887429 1965274 24.65
1428890333121255107 1428890333117232823 4022284 24.66
1428890333150956187 1428890333144304683 6651504 24.67
1428890333828628742 1428890333828360972 267770 23.99
1428890333855727448 1428890333855435408 292040 24.01
1428890333885720757 1428890333885171297 549460 24.02
1428890333916688851 1428890333916204697 484154 24.03
1428890333945314591 1428890333944162507 1152084 24.05
1428890333975020287 1428890333974182130 838157 24.06
1428890334003436974 1428890334002836582 600392 24.08
1428890334033381391 1428890334033065414 315977 24.09
1428890334062540849 1428890334062088618 452231 24.10
1428890334092354171 1428890334092089623 264548 24.11
1428890334123464917 1428890334121426354 2038563 24.13
1428890334150885446 1428890334150496188 389258 24.14
1428890334180615897 1428890334180262765 353132 24.15
1428890334208813759 1428890334208460607 353152 24.17
1428890334236872149 1428890334236607747 264402 24.18
1428890334265047116 1428890334264712009 335107 24.20
1428890334296718203 1428890334294871550 1846653 24.21
1428890334323843081 1428890334323530814 312267 24.22
1428890334357226491 1428890334357026651 199840 24.23
1428890334388138859 1428890334386629072 1509787 24.24
1428890334416730408 1428890334416519623 210785 24.26
1428890334449517209 1428890334446930933 2586276 24.27
1428890334477303793 1428890334476992822 310971 24.28
1428890334504976407 1428890334504707798 268609 24.30
1428890334532079377 1428890334531772801 306576 24.31
1428890334559130361 1428890334558863530 266831 24.33
1428890334586197450 1428890334585922789 274661 24.34
1428890334614028817 1428890334613293068 735749 24.36
1428890334644844111 1428890334641564741 3279370 24.37
1428890334670218725 1428890334669621865 596860 24.38
1428890334697827318 1428890334696462444 1364874 24.40
1428890334723773640 1428890334723295945 477695 24.42
1428890334750666725 1428890334750172426 494299 24.43
1428890334779356193 1428890334777649046 1707147 24.44
1428890334807020467 1428890334806707466 313001 24.46
1428890334834119440 1428890334833864124 255316 24.47
1428890334861955820 1428890334861723473 232347 24.49
1428890334889030585 1428890334888749439 281146 24.50
1428890334916228648 1428890334916057376 171272 24.52
1428890334944709959 1428890334944387547 322412 24.53
1428890334973373266 1428890334972867791 505475 24.54
1428890335003510866 1428890335001597381 1913485 24.55
1428890335030663882 1428890335030443025 220857 24.57
1428890335057752754 1428890335057459014 293740 24.58
1428890335086351562 1428890335085685250 666312 24.60
1428890335114405405 1428890335114015162 390243 24.61
1428890335143549411 1428890335142138231 1411180 24.62
1428890335817032804 1428890335816637043 395761 24.01
1428890335844281231 1428890335843903513 377718 24.02
1428890335872167870 1428890335871749693 418177 24.03
1428890335899560297 1428890335898889326 670971 24.05
1428890335926207698 1428890335925733981 473717 24.06
1428890335955188000 1428890335952716460 2471540 24.08
1428890335980105354 1428890335979753530 351824 24.09
1428890336007828022 1428890336007072373 755649 24.11
1428890336036604697 1428890336034835195 1769502 24.12
1428890336063945393 1428890336063580426 364967 24.13
1428890336091972318 1428890336090810881 1161437 24.15
1428890336120950669 1428890336119106666 1844003 24.16
1428890336150070215 1428890336148034745 2035470 24.17
1428890336177633791 1428890336177142975 490816 24.19
1428890336204923428 1428890336204442535 480893 24.20
1428890336234585997 1428890336232609989 1976008 24.21
1428890336262000761 1428890336261548492 452269 24.23
1428890336289907792 1428890336289523554 384238 24.24
1428890336318498099 1428890336318311793 186306 24.25
1428890336345705826 1428890336345356623 349203 24.27
1428890336373422036 1428890336372675803 746233 24.28
1428890336401109178 1428890336400615687 493491 24.29
1428890336437132932 1428890336433470171 3662761 24.30
1428890336461545648 1428890336460955744 589904 24.32
1428890336489871607 1428890336487823071 2048536 24.33
1428890336515674126 1428890336514740420 933706 24.34
1428890336542650251 1428890336541676731 973520 24.36
1428890336570414129 1428890336568609498 1804631 24.37
1428890336597088013 1428890336595533346 1554667 24.39
1428890336623279189 1428890336622695525 583664 24.40
1428890336650143495 1428890336649582229 561266 24.41
1428890336681287917 1428890336677984145 3303772 24.42
1428890336705479813 1428890336704959456 520357 24.44
1428890336732972673 1428890336732353161 619512 24.45
1428890336761812003 1428890336759970568 1841435 24.47
1428890336789324094 1428890336788810590 513504 24.48
1428890336816645258 1428890336816230417 414841 24.49
1428890336843905607 1428890336843516101 389506 24.51
1428890336872443744 1428890336870845869 1597875 24.52
1428890336901337406 1428890336899535224 1802182 24.53
1428890336929101269 1428890336928300363 800906 24.54
1428890336958894678 1428890336957134982 1759696 24.55
1428890336986439187 1428890336985905378 533809 24.57
1428890337015044472 1428890337014902724 141748 24.58
1428890337042286868 1428890337041923940 362928 24.59
1428890337070276515 1428890337068846169 1430346 24.60
1428890337097998300 1428890337097709249 289051 24.62
1428890337125057148 1428890337124807276 249872 24.63
1428890337809786960 1428890337809530518 256442 24.05
1428890337836883719 1428890337836550861 332858 24.06
1428890337866132492 1428890337864175630 1956862 24.08
1428890337893732933 1428890337893136742 596191 24.09
1428890337922364801 1428890337921839475 525326 24.10
1428890337949986040 1428890337949530530 455510 24.11
1428890337979066605 1428890337977816647 1249958 24.13
1428890338006606091 1428890338006052414 553677 24.14
1428890338034055032 1428890338033604402 450630 24.15
1428890338062826826 1428890338062008117 818709 24.16
1428890338090181243 1428890338089803970 377273 24.18
1428890338117687701 1428890338117134468 553233 24.19
1428890338146257082 1428890338144722111 1534971 24.20
1428890338174500226 1428890338173902065 598161 24.21
1428890338202871346 1428890338202252291 619055 24.23
1428890338232701046 1428890338231108643 1592403 24.24
1428890338262013468 1428890338261155671 857797 24.25
1428890338292973787 1428890338292671176 302611 24.26
1428890338321176070 1428890338320745507 430563 24.27
1428890338349964443 1428890338349307624 656819 24.28
1428890338378138445 1428890338377771719 366726 24.29
1428890338406466884 1428890338405823651 643233 24.30
1428890338437393719 1428890338437324035 69684 24.31
1428890338466735086 1428890338464761260 1973826 24.32
1428890338495445444 1428890338494930315 515129 24.34
1428890338529076546 1428890338527394511 1682035 24.34
1428890338557780148 1428890338556535770 1244378 24.35
1428890338585888142 1428890338584231310 1656832 24.37
1428890338611530612 1428890338611351959 178653 24.38
1428890338639402426 1428890338639172159 230267 24.39
1428890338670125050 1428890338667897206 2227844 24.40
1428890338697489603 1428890338697141775 347828 24.41
1428890338724718318 1428890338724382601 335717 24.43
1428890338751879227 1428890338751549670 329557 24.44
1428890338779052169 1428890338778713095 339074 24.45
1428890338807388344 1428890338807134499 253845 24.46
1428890338838359234 1428890338838130516 228718 24.47
1428890338868597454 1428890338868081700 515754 24.48
1428890338897371560 1428890338896181514 1190046 24.49
1428890338928953325 1428890338927469314 1484011 24.50
1428890338958212775 1428890338956404924 1807851 24.51
1428890338985521774 1428890338985159859 361915 24.53
1428890339012749615 1428890339012351245 398370 24.54
1428890339039923004 1428890339039589553 333451 24.55
1428890339067709655 1428890339067347133 362522 24.56
1428890339095009639 1428890339094678050 331589 24.57
1428890339121941978 1428890339121592967 349011 24.59
1428890339153484726 1428890339151366028 2118698 24.60
1428890339832785632 1428890339832480531 305101 24.06
1428890339860718126 1428890339859948697 769429 24.07
1428890339888082491 1428890339887689306 393185 24.09
1428890339916190627 1428890339915795685 394942 24.10
1428890339944617628 1428890339944162936 454692 24.11
1428890339971944052 1428890339971502108 441944 24.12
1428890340000971979 1428890339999572599 1399380 24.13
1428890340029083945 1428890340028146631 937314 24.14
1428890340058617573 1428890340056984274 1633299 24.16
1428890340087091501 1428890340086564113 527388 24.17
1428890340114397554 1428890340114005285 392269 24.18
1428890340142709832 1428890340141267485 1442347 24.19
1428890340169382347 1428890340168309923 1072424 24.20
1428890340195997717 1428890340195481170 516547 24.22
1428890340224206383 1428890340222471153 1735230 24.23
1428890340253105403 1428890340251400494 1704909 24.24
1428890340280490619 1428890340280011421 479198 24.25
1428890340310032992 1428890340308320621 1712371 24.26
1428890340337399882 1428890340337012496 387386 24.27
1428890340364715148 1428890340364295639 419509 24.28
1428890340394027136 1428890340392485834 1541302 24.29
1428890340422115393 1428890340421009338 1106055 24.30
1428890340450638487 1428890340449084593 1553894 24.32
1428890340479094395 1428890340477611540 1482855 24.33
1428890340506465489 1428890340506025284 440205 24.34
1428890340534183471 1428890340532892243 1291228 24.35
1428890340561749106 1428890340560030134 1718972 24.36
1428890340589273999 1428890340587531202 1742797 24.37
1428890340616333021 1428890340615780755 552266 24.38
1428890340643616732 1428890340642977146 639586 24.40
1428890340671439081 1428890340669922133 1516948 24.41
1428890340697985651 1428890340696853402 1132249 24.42
1428890340726126264 1428890340725006363 1119901 24.43
1428890340755772512 1428890340753810338 1962174 24.44
1428890340786151452 1428890340784126880 2024572 24.45
1428890340813598631 1428890340813080511 518120 24.46
1428890340840806821 1428890340840472750 334071 24.47
1428890340867969120 1428890340867658355 310765 24.48
1428890340896398514 1428890340894960841 1437673 24.50
1428890340925060107 1428890340923403807 1656300 24.51
1428890340952595158 1428890340952241306 353852 24.52
1428890340980307580 1428890340979874815 432765 24.53
1428890341008196455 1428890341007386561 809894 24.54
1428890341034802748 1428890341034392738 410010 24.55
1428890341062894684 1428890341061795052 1099632 24.56
1428890341089400775 1428890341088831601 569174 24.57
1428890341120819955 1428890341120494535 325420 24.58
1428890341148995764 1428890341148275429 720335 24.59
1428890341828243358 1428890341827852683 390675 24.10
1428890341856027850 1428890341855637492 390358 24.11
1428890341883363778 1428890341882935481 428297 24.12
1428890341910985908 1428890341910694789 291119 24.13
1428890341938119634 1428890341937865402 254232 24.14
1428890341966313986 1428890341965010802 1303184 24.15
1428890341993778074 1428890341993327553 450521 24.16
1428890342022203175 1428890342021468288 734887 24.17
1428890342051148978 1428890342049301372 1847606 24.18
1428890342078477937 1428890342078123504 354433 24.20
1428890342105694075 1428890342105333970 360105 24.21
1428890342133880926 1428890342132629940 1250986 24.22
1428890342162527889 1428890342160846101 1681788 24.23
1428890342191076205 1428890342189526640 1549565 24.24
1428890342218636208 1428890342218043739 592469 24.25
1428890342246873497 1428890342245591627 1281870 24.26
1428890342274174350 1428890342273804204 370146 24.27
1428890342301635990 1428890342301142814 493176 24.28
1428890342329778713 1428890342329365000 413713 24.29
1428890342358978418 1428890342357384116 1594302 24.30
1428890342389056557 1428890342386984582 2071975 24.31
1428890342417380621 1428890342416887234 493387 24.32
1428890342445666862 1428890342444363051 1303811 24.33
1428890342473978291 1428890342473462406 515885 24.34
1428890342504942360 1428890342503098103 1844257 24.35
1428890342533065371 1428890342532090018 975353 24.36
1428890342561691557 1428890342561064008 627549 24.37
1428890342591090053 1428890342588537772 2552281 24.38
1428890342618657643 1428890342618068706 588937 24.39
1428890342648334919 1428890342645139902 3195017 24.40
1428890342672942010 1428890342672140312 801698 24.41
1428890342701326599 1428890342699163676 2162923 24.42
1428890342728768963 1428890342726329044 2439919 24.43
1428890342756863139 1428890342755838461 1024678 24.44
1428890342783313298 1428890342782772287 541011 24.46
1428890342810524294 1428890342810007122 517172 24.47
1428890342837598455 1428890342837221178 377277 24.48
1428890342865694135 1428890342864478925 1215210 24.49
1428890342896679249 1428890342894117382 2561867 24.50
1428890342924198999 1428890342923735903 463096 24.51
1428890342951453246 1428890342951079018 374228 24.52
1428890342980828277 1428890342978519793 2308484 24.53
1428890343008465681 1428890343008030881 434800 24.54
1428890343035853307 1428890343035419325 433982 24.55
1428890343065268869 1428890343062897766 2371103 24.56
1428890343093553423 1428890343092502172 1051251 24.57
1428890343122684740 1428890343121668140 1016600 24.58
1428890343150123039 1428890343149639968 483071 24.59
1428890343829031557 1428890343828733028 298529 24.12
1428890343858162602 1428890343856090307 2072295 24.13
1428890343885335059 1428890343885109343 225716 24.14
1428890343917549314 1428890343915611591 1937723 24.15
1428890343945819414 1428890343945543814 275600 24.16
1428890343973306201 1428890343972835652 470549 24.17
1428890344004614718 1428890344002628100 1986618 24.18
1428890344032675031 1428890344031459313 1215718 24.19
1428890344062248870 1428890344060392932 1855938 24.20
1428890344090335820 1428890344089260244 1075576 24.21
1428890344119918925 1428890344119200788 718137 24.21
1428890344148575444 1428890344147877858 697586 24.22
1428890344177116440 1428890344175711761 1404679 24.23
1428890344207252535 1428890344205388399 1864136 24.24
1428890344234614288 1428890344234223384 390904 24.25
1428890344261785018 1428890344261448023 336995 24.26
1428890344288971675 1428890344288615536 356139 24.27
1428890344321158139 1428890344315805185 5352954 24.28
1428890344351316764 1428890344350871419 445345 24.29
1428890344378654033 1428890344378218235 435798 24.30
1428890344406809885 1428890344406530270 279615 24.31
1428890344433908577 1428890344433629964 278613 24.32
1428890344461787499 1428890344461609086 178413 24.33
1428890344490041396 1428890344489771976 269420 24.34
1428890344519544099 1428890344517689356 1854743 24.35
1428890344546831280 1428890344546467130 364150 24.36
1428890344576740227 1428890344575106973 1633254 24.37
1428890344606180511 1428890344604776997 1403514 24.38
1428890344633723048 1428890344633249254 473794 24.39
1428890344661927741 1428890344660595168 1332573 24.40
1428890344689091399 1428890344688821569 269830 24.41
1428890344716513504 1428890344716208082 305422 24.42
1428890344744739082 1428890344744445433 293649 24.43
1428890344771992284 1428890344771587906 404378 24.44
1428890344800793333 1428890344799330572 1462761 24.45
1428890344828176994 1428890344827715291 461703 24.46
1428890344856868921 1428890344856681232 187689 24.46
1428890344885093541 1428890344883967024 1126517 24.47
1428890344912377127 1428890344911993295 383832 24.48
1428890344939477402 1428890344939196204 281198 24.49
1428890344966519195 1428890344966271188 248007 24.50
1428890344993563567 1428890344993313078 250489 24.51
1428890345020601309 1428890345020354329 246980 24.53
1428890345047654186 1428890345047386454 267732 24.54
1428890345075219482 1428890345074893437 326045 24.55
1428890345108754400 1428890345106917562 1836838 24.55
1428890345136593472 1428890345136287152 306320 24.56
1428890345828577042 1428890345828277920 299122 24.11
1428890345855804255 1428890345855384479 419776 24.12
1428890345885131798 1428890345883967626 1164172 24.13
1428890345912598085 1428890345912103651 494434 24.14
1428890345941124452 1428890345939581468 1542984 24.15
1428890345969061785 1428890345968115082 946703 24.16
1428890345996404549 1428890345995910459 494090 24.17
1428890346024730476 1428890346023322810 1407666 24.18
1428890346052160590 1428890346051720127 440463 24.19
1428890346079351181 1428890346079001305 349876 24.20
1428890346107377099 1428890346107104544 272555 24.21
1428890346134948332 1428890346134616755 331577 24.22
1428890346162270178 1428890346161954323 315855 24.23
1428890346194075349 1428890346192266070 1809279 24.24
1428890346221449673 1428890346221031826 417847 24.25
1428890346248692818 1428890346248282384 410434 24.26
1428890346278008242 1428890346275835575 2172667 24.27
1428890346305286230 1428890346304888064 398166 24.28
1428890346332454284 1428890346332369783 84501 24.29
1428890346359683741 1428890346359268293 415448 24.30
1428890346386366476 1428890346386216745 149731 24.31
1428890346413620480 1428890346413383645 236835 24.32
1428890346440449947 1428890346440269584 180363 24.33
1428890346469166158 1428890346467410676 1755482 24.33
1428890346496360827 1428890346494686569 1674258 24.34
1428890346523192569 1428890346522742159 450410 24.35
1428890346551010533 1428890346550698542 311991 24.36
1428890346579891551 1428890346579425435 466116 24.37
1428890346607167943 1428890346606804198 363745 24.38
1428890346634335215 1428890346633887855 447360 24.39
1428890346661404410 1428890346660884150 520260 24.40
1428890346688057296 1428890346687696375 360921 24.41
1428890346716275779 1428890346715961266 314513 24.42
1428890346748054672 1428890346746254172 1800500 24.43
1428890346776931676 1428890346775577996 1353680 24.44
1428890346804265103 1428890346803822427 442676 24.45
1428890346832010005 1428890346831751535 258470 24.46
1428890346862366404 1428890346859072227 3294177 24.46
1428890346890508302 1428890346890038325 469977 24.47
1428890346918243332 1428890346917799583 443749 24.48
1428890346946790448 1428890346946152709 637739 24.49
1428890346974205355 1428890346973730276 475079 24.50
1428890347002607907 1428890347001854228 753679 24.51
1428890347030430913 1428890347030067809 363104 24.52
1428890347059722240 1428890347059223444 498796 24.52
1428890347088519485 1428890347087995046 524439 24.53
1428890347116808547 1428890347116280899 527648 24.54
1428890347146355434 1428890347145840465 514969 24.55
1428890347820854085 1428890347820461647 392438 24.14
1428890347848960333 1428890347847771528 1188805 24.15
1428890347876249180 1428890347875878319 370861 24.16
1428890347904158584 1428890347903747018 411566 24.17
1428890347933702670 1428890347933137400 565270 24.18
1428890347961918193 1428890347961444857 473336 24.19
1428890347989182714 1428890347988819595 363119 24.20
1428890348016784855 1428890348016218958 565897 24.20
1428890348045112059 1428890348043728050 1384009 24.21
1428890348072419971 1428890348072031313 388658 24.22
1428890348099669650 1428890348099291326 378324 24.23
1428890348126941557 1428890348126554555 387002 24.24
1428890348154203864 1428890348153818393 385471 24.25
1428890348181510958 1428890348181106161 404797 24.26
1428890348209645205 1428890348209304778 340427 24.27
1428890348236993639 1428890348236547973 445666 24.28
1428890348265428006 1428890348264612691 815315 24.29
1428890348293332739 1428890348291535109 1797630 24.30
1428890348324500443 1428890348319636363 4864080 24.30
1428890348348690264 1428890348348013333 676931 24.31
1428890348377397769 1428890348375666802 1730967 24.32
1428890348406458233 1428890348404623947 1834286 24.33
1428890348435111900 1428890348433819361 1292539 24.34
1428890348464291523 1428890348462122431 2169092 24.35
1428890348491610285 1428890348491340734 269551 24.36
1428890348518813190 1428890348518511335 301855 24.37
1428890348546283586 1428890348545935764 347822 24.37
1428890348573562365 1428890348573125296 437069 24.38
1428890348603049235 1428890348600039488 3009747 24.39
1428890348627518254 1428890348627021903 496351 24.40
1428890348654539994 1428890348653885891 654103 24.41
1428890348683539970 1428890348680908526 2631444 24.42
1428890348708657549 1428890348707961381 696168 24.43
1428890348735337857 1428890348734896459 441398 24.44
1428890348763679529 1428890348761771508 1908021 24.45
1428890348789159593 1428890348788688607 470986 24.46
1428890348816517980 1428890348816234175 283805 24.47
1428890348844549276 1428890348843973622 575654 24.48
1428890348871881861 1428890348871485676 396185 24.49
1428890348899407362 1428890348898810390 596972 24.49
1428890348927204777 1428890348926782614 422163 24.50
1428890348955974810 1428890348954761864 1212946 24.51
1428890348983344451 1428890348982952264 392187 24.52
1428890349011208446 1428890349010873709 334737 24.53
1428890349041786809 1428890349040210744 1576065 24.54
1428890349069409933 1428890349069206666 203267 24.54
1428890349097962900 1428890349096685001 1277899 24.55
1428890349125286396 1428890349125014809 271587 24.56
1428890349808798576 1428890349808506158 292418 24.17
1428890349836042791 1428890349835678585 364206 24.18
1428890349870590591 1428890349863128417 7462174 24.18
1428890349890654201 1428890349890198364 455837 24.20
1428890349923111289 1428890349917399998 5711291 24.20
1428890349946045414 1428890349944538823 1506591 24.21
1428890349973348612 1428890349971531474 1817138 24.22
1428890350000480236 1428890349999050922 1429314 24.23
1428890350028929256 1428890350028471517 457739 24.24
1428890350057185887 1428890350055794827 1391060 24.25
1428890350083415034 1428890350083159800 255234 24.26
1428890350111263858 1428890350110760536 503322 24.27
1428890350139244437 1428890350138129572 1114865 24.27
1428890350168814830 1428890350166348715 2466115 24.28
1428890350198111410 1428890350197702993 408417 24.29
1428890350226306237 1428890350225726504 579733 24.30
1428890350254827106 1428890350253383913 1443193 24.31
1428890350283298272 1428890350281943748 1354524 24.31
1428890350311903700 1428890350310320151 1583549 24.32
1428890350339215532 1428890350338813128 402404 24.33
1428890350368353465 1428890350366237652 2115813 24.34
1428890350396745674 1428890350395789761 955913 24.35
1428890350424203554 1428890350423710484 493070 24.35
1428890350506362450 1428890350505588704 773746 24.35
1428890350534908374 1428890350533397955 1510419 24.36
1428890350564207225 1428890350562151376 2055849 24.37
1428890350598088344 1428890350595783072 2305272 24.37
1428890350626564797 1428890350626088708 476089 24.38
1428890350654458167 1428890350653026677 1431490 24.39
1428890350680538832 1428890350680005022 533810 24.40
1428890350707949564 1428890350707488460 461104 24.41
1428890350735899027 1428890350735459395 439632 24.42
1428890350764773739 1428890350762868000 1905739 24.42
1428890350792162081 1428890350791737667 424414 24.43
1428890350821323966 1428890350819246519 2077447 24.44
1428890350853088160 1428890350848835765 4252395 24.45
1428890350882219636 1428890350880499768 1719868 24.45
1428890350909978914 1428890350909513995 464919 24.46
1428890350939035292 1428890350938055623 979669 24.47
1428890350968448258 1428890350967390940 1057318 24.48
1428890350996396664 1428890350995371028 1025636 24.49
1428890351023692329 1428890351023316802 375527 24.49
1428890351051728292 1428890351050633997 1094295 24.50
1428890351079978570 1428890351078725561 1253009 24.51
1428890351107431126 1428890351106938000 493126 24.52
1428890351134886009 1428890351134376799 509210 24.53
1428890351808258856 1428890351805924442 2334414 24.16
1428890351834303725 1428890351834156556 147169 24.17
1428890351861789029 1428890351861320340 468689 24.18
1428890351888757069 1428890351888445375 311694 24.19
1428890351917578255 1428890351916361559 1216696 24.19
1428890351945156707 1428890351943912504 1244203 24.20
1428890351972313919 1428890351970821559 1492360 24.21
1428890351999961087 1428890351998376139 1584948 24.22
1428890352031076378 1428890352025765139 5311239 24.23
1428890352058403566 1428890352058192321 211245 24.23
1428890352087892492 1428890352087350433 542059 24.24
1428890352116094972 1428890352115753077 341895 24.25
1428890352146447198 1428890352144643467 1803731 24.26
1428890352176907495 1428890352175172370 1735125 24.26
1428890352204088580 1428890352203807109 281471 24.27
1428890352235079920 1428890352234085739 994181 24.28
1428890352267140768 1428890352265113192 2027576 24.28
1428890352294434572 1428890352294105792 328780 24.29
1428890352326914796 1428890352326760491 154305 24.30
1428890352358944562 1428890352357662963 1281599 24.30
1428890352387497967 1428890352385833463 1664504 24.31
1428890352417525653 1428890352416398354 1127299 24.32
1428890352445000772 1428890352443576170 1424602 24.32
1428890352472018172 1428890352470640623 1377549 24.33
1428890352498268148 1428890352498137541 130607 24.34
1428890352527141718 1428890352526845712 296006 24.35
1428890352559359800 1428890352557334475 2025325 24.35
1428890352592619949 1428890352588166910 4453039 24.36
1428890352620761917 1428890352616412522 4349395 24.37
1428890352646034297 1428890352643462410 2571887 24.38
1428890352674208691 1428890352672362759 1845932 24.38
1428890352701884576 1428890352700986122 898454 24.39
1428890352733156489 1428890352732124203 1032286 24.40
1428890352764609289 1428890352761962323 2646966 24.40
1428890352794747767 1428890352792767355 1980412 24.41
1428890352820888649 1428890352820623777 264872 24.42
1428890352847998541 1428890352847753621 244920 24.43
1428890352876358007 1428890352875978814 379193 24.44
1428890352904791183 1428890352903523473 1267710 24.44
1428890352933130061 1428890352932981438 148623 24.45
1428890352962599827 1428890352960486604 2113223 24.46
1428890352990268836 1428890352989856285 412551 24.46
1428890353017500704 1428890353017113227 387477 24.47
1428890353044742300 1428890353044317828 424472 24.48
1428890353074771284 1428890353074087832 683452 24.49
1428890353102780685 1428890353102521024 259661 24.50
1428890353134024451 1428890353132101008 1923443 24.50
1428890353161314807 1428890353160991770 323037 24.51
1428890353854725267 1428890353852634572 2090695 24.15
1428890353883412462 1428890353881981631 1430831 24.16
1428890353910929161 1428890353910437201 491960 24.16
1428890353939262296 1428890353938930338 331958 24.17
1428890353966967607 1428890353966685354 282253 24.18
1428890353994051300 1428890353993793492 257808 24.19
1428890354021131784 1428890354020875977 255807 24.20
1428890354050358304 1428890354048251573 2106731 24.20
1428890354079166766 1428890354077866293 1300473 24.21
1428890354107763346 1428890354106247603 1515743 24.22
1428890354136326581 1428890354134847434 1479147 24.23
1428890354165353756 1428890354163480510 1873246 24.23
1428890354194685775 1428890354192611961 2073814 24.24
1428890354222180222 1428890354221745004 435218 24.25
1428890354251830012 1428890354249666480 2163532 24.25
1428890354280319799 1428890354279235923 1083876 24.26
1428890354308663584 1428890354307500187 1163397 24.27
1428890354336084677 1428890354335627823 456854 24.28
1428890354365329411 1428890354364373450 955961 24.28
1428890354393341554 1428890354392295447 1046107 24.29
1428890354423088524 1428890354420761158 2327366 24.30
1428890354450988135 1428890354450677829 310306 24.31
1428890354478240404 1428890354477942917 297487 24.31
1428890354505986850 1428890354505335560 651290 24.32
1428890354534466147 1428890354534004168 461979 24.33
1428890354562040798 1428890354561665218 375580 24.34
1428890354590804305 1428890354589047462 1756843 24.34
1428890354619765200 1428890354617981007 1784193 24.35
1428890354648939167 1428890354646951835 1987332 24.36
1428890354680007757 1428890354675994453 4013304 24.36
1428890354708941575 1428890354707521535 1420040 24.37
1428890354734919449 1428890354734543248 376201 24.38
1428890354763460764 1428890354762432815 1027949 24.39
1428890354792982751 1428890354791392234 1590517 24.39
1428890354820230458 1428890354819857135 373323 24.40
1428890354847436610 1428890354847060968 375642 24.41
1428890354876656641 1428890354874507102 2149539 24.41
1428890354905485363 1428890354904931317 554046 24.42
1428890354935110361 1428890354932634312 2476049 24.43
1428890354965286874 1428890354963116871 2170003 24.43
1428890354994567127 1428890354992456984 2110143 24.44
1428890355024269844 1428890355023032759 1237085 24.45
1428890355052402572 1428890355051224750 1177822 24.45
1428890355081299836 1428890355079541404 1758432 24.46
1428890355109690119 1428890355108385052 1305067 24.47
1428890355139492159 1428890355136790952 2701207 24.47
1428890355168341099 1428890355166804818 1536281 24.48
1428890355855968696 1428890355855398282 570414 24.14
1428890355883836486 1428890355882970836 865650 24.15
1428890355912238924 1428890355911674171 564753 24.16
1428890355939935460 1428890355939307440 628020 24.16
1428890355968480191 1428890355966997775 1482416 24.17
1428890355995839817 1428890355995462308 377509 24.18
1428890356024504415 1428890356024019356 485059 24.19
1428890356051305061 1428890356051012036 293025 24.19
1428890356078621304 1428890356078211603 409701 24.20
1428890356107136052 1428890356105604814 1531238 24.21
1428890356135560017 1428890356134280046 1279971 24.22
1428890356162911471 1428890356162579151 332320 24.22
1428890356191248647 1428890356189937668 1310979 24.23
1428890356218724372 1428890356218235995 488377 24.24
1428890356246604031 1428890356246174718 429313 24.25
1428890356275112915 1428890356273590179 1522736 24.25
1428890356303426782 1428890356302092795 1333987 24.26
1428890356330764997 1428890356330332932 432065 24.27
1428890356358942335 1428890356357637701 1304634 24.27
1428890356386275689 1428890356385867219 408470 24.28
1428890356413465075 1428890356413133971 331104 24.29
1428890356442416208 1428890356441306974 1109234 24.30
1428890356469509205 1428890356469336491 172714 24.30
1428890356496810845 1428890356496619242 191603 24.31
1428890356527094588 1428890356525290543 1804045 24.32
1428890356558169639 1428890356554923404 3246235 24.32
1428890356584283315 1428890356582407459 1875856 24.33
1428890356610197899 1428890356609211699 986200 24.34
1428890356637194830 1428890356636119043 1075787 24.35
1428890356664079768 1428890356662939776 1139992 24.36
1428890356691289664 1428890356689970213 1319451 24.36
1428890356718602356 1428890356717782853 819503 24.37
1428890356745579649 1428890356744744831 834818 24.38
1428890356773493807 1428890356771648200 1845607 24.39
1428890356799329375 1428890356798574901 754474 24.39
1428890356826214951 1428890356825711379 503572 24.40
1428890356854601734 1428890356853165022 1436712 24.41
1428890356882955480 1428890356881996884 958596 24.41
1428890356911036071 1428890356910654503 381568 24.42
1428890356940356664 1428890356938093385 2263279 24.43
1428890356967799189 1428890356967370172 429017 24.44
1428890356997074112 1428890356995466875 1607237 24.44
1428890357024733737 1428890357024306978 426759 24.45
1428890357051607176 1428890357051489630 117546 24.46
1428890357079280726 1428890357078928982 351744 24.46
1428890357106146708 1428890357105912709 233999 24.47
1428890357133873354 1428890357133241245 632109 24.48
1428890357811159395 1428890357810871225 288170 24.16
1428890357838366743 1428890357838010521 356222 24.17
1428890357865603821 1428890357865235370 368451 24.17
1428890357894703385 1428890357892535898 2167487 24.18
1428890357922214861 1428890357921747236 467625 24.19
1428890357953158787 1428890357951221118 1937669 24.19
1428890357982606783 1428890357981447288 1159495 24.20
1428890358010526536 1428890358010042387 484149 24.21
1428890358038439300 1428890358037856261 583039 24.21
1428890358067161631 1428890358066816243 345388 24.22
1428890358095361905 1428890358095115456 246449 24.23
1428890358122192811 1428890358121908431 284380 24.24
1428890358151297663 1428890358149160954 2136709 24.24
1428890358180052270 1428890358179391759 660511 24.25
1428890358207467100 1428890358207086705 380395 24.26
1428890358236042308 1428890358234417674 1624634 24.26
1428890358263614386 1428890358263061392 552994 24.27
1428890358295602333 1428890358295095748 506585 24.27
1428890358324577835 1428890358323737923 839912 24.28
1428890358354086961 1428890358352228709 1858252 24.29
1428890358382492024 1428890358381366525 1125499 24.29
1428890358413814676 1428890358411572266 2242410 24.30
1428890358442103411 1428890358441762118 341293 24.31
1428890358469984577 1428890358468907887 1076690 24.31
1428890358501588052 1428890358498596003 2992049 24.32
1428890358529513153 1428890358528790584 722569 24.32
1428890358557192136 1428890358555681206 1510930 24.33
1428890358583538683 1428890358582780783 757900 24.34
1428890358613064596 1428890358612861167 203429 24.35
1428890358641444298 1428890358641183778 260520 24.35
1428890358668672819 1428890358668268609 404210 24.36
1428890358695951198 1428890358695503079 448119 24.37
1428890358724966132 1428890358724247188 718944 24.37
1428890358755160871 1428890358753157359 2003512 24.38
1428890358788071390 1428890358783377556 4693834 24.38
1428890358815551056 1428890358815228594 322462 24.39
1428890358843019536 1428890358842465602 553934 24.40
1428890358870513059 1428890358869991448 521611 24.40
1428890358899570039 1428890358897544308 2025731 24.41
1428890358927339843 1428890358926643752 696091 24.42
1428890358954950258 1428890358954310218 640040 24.42
1428890358983122984 1428890358981918226 1204758 24.43
1428890359010528848 1428890359010035208 493640 24.44
1428890359037960007 1428890359037585245 374762 24.44
1428890359065131892 1428890359064784895 346997 24.45
1428890359093309900 1428890359093060292 249608 24.46
1428890359124389641 1428890359122376129 2013512 24.46
1428890359153306729 1428890359152933887 372842 24.47
1428890359842492896 1428890359842216454 276442 24.16
1428890359871269984 1428890359870619914 650070 24.16
1428890359898921142 1428890359898429031 492111 24.17
1428890359926103215 1428890359925797626 305589 24.18
1428890359953167694 1428890359952857702 309992 24.19
1428890359980944125 1428890359979986946 957179 24.19
1428890360009002005 1428890360007810273 1191732 24.20
1428890360036670434 1428890360036176496 493938 24.21
1428890360065295719 1428890360063747742 1547977 24.21
1428890360096256644 1428890360094185379 2071265 24.22
1428890360123786910 1428890360123387244 399666 24.22
1428890360151968087 1428890360151668756 299331 24.23
1428890360179088168 1428890360178813530 274638 24.24
1428890360206596863 1428890360206077561 519302 24.25
1428890360235172085 1428890360234103582 1068503 24.25
1428890360265126784 1428890360263967311 1159473 24.26
1428890360297165009 1428890360293698124 3466885 24.26
1428890360324473837 1428890360324183759 290078 24.27
1428890360351660338 1428890360351328202 332136 24.28
1428890360378770968 1428890360378534221 236747 24.28
1428890360405958459 1428890360405622334 336125 24.29
1428890360433118259 1428890360432785847 332412 24.30
1428890360460106084 1428890360459876887 229197 24.30
1428890360488196656 1428890360487484961 711695 24.31
1428890360515516532 1428890360514860685 655847 24.32
1428890360542570347 1428890360541753213 817134 24.32
1428890360569581190 1428890360568765316 815874 24.33
1428890360596549538 1428890360595620096 929442 24.34
1428890360624046374 1428890360622730241 1316133 24.35
1428890360650183574 1428890360649521874 661700 24.35
1428890360678394293 1428890360676414145 1980148 24.36
1428890360707314053 1428890360705365431 1948622 24.37
1428890360735003802 1428890360734480009 523793 24.37
1428890360762916724 1428890360761922091 994633 24.38
1428890360792254021 1428890360790254697 1999324 24.39
1428890360819319246 1428890360819066966 252280 24.39
1428890360846399699 1428890360846120728 278971 24.40
1428890360875904703 1428890360873541018 2363685 24.40
1428890360903506712 1428890360902957115 549597 24.41
1428890360930772216 1428890360930399675 372541 24.42
1428890360958003407 1428890360957621544 381863 24.43
1428890360985159265 1428890360984829360 329905 24.43
1428890361013767803 1428890361013160663 607140 24.44
1428890361042808874 1428890361042158462 650412 24.44
1428890361069967412 1428890361069698070 269342 24.45
1428890361098638517 1428890361096862984 1775533 24.46
1428890361127068552 1428890361125684630 1383922 24.46
1428890361799206087 1428890361797921471 1284616 24.17
1428890361825033719 1428890361824732332 301387 24.18
1428890361852356050 1428890361851921845 434205 24.19
1428890361881117642 1428890361880336381 781261 24.19
1428890361910582095 1428890361910032504 549591 24.20
1428890361939292756 1428890361938024571 1268185 24.20
1428890361968529041 1428890361968120693 408348 24.21
1428890361999003148 1428890361997154307 1848841 24.22
1428890362028565981 1428890362026747876 1818105 24.22
1428890362057656590 1428890362055808446 1848144 24.23
1428890362086155445 1428890362084645906 1509539 24.23
1428890362114361284 1428890362113248639 1112645 24.24
1428890362145834842 1428890362144748043 1086799 24.24
1428890362174884351 1428890362174578433 305918 24.25
1428890362202202537 1428890362201897547 304990 24.26
1428890362230415924 1428890362229907448 508476 24.26
1428890362259063899 1428890362257423002 1640897 24.27
1428890362288467447 1428890362286378893 2088554 24.28
1428890362315870520 1428890362315514146 356374 24.28
1428890362342966077 1428890362342691613 274464 24.29
1428890362370290012 1428890362369928665 361347 24.30
1428890362397278467 1428890362396917738 360729 24.30
1428890362424341592 1428890362424181211 160381 24.31
1428890362506133265 1428890362505569599 563666 24.31
1428890362533666575 1428890362532312956 1353619 24.32
1428890362561478923 1428890362559447443 2031480 24.32
1428890362586846674 1428890362586226819 619855 24.33
1428890362613660303 1428890362613160258 500045 24.34
1428890362640691489 1428890362640066702 624787 24.34
1428890362668575432 1428890362667949937 625495 24.35
1428890362696193783 1428890362695557909 635874 24.36
1428890362724650072 1428890362722626668 2023404 24.36
1428890362751762242 1428890362749778175 1984067 24.37
1428890362779894678 1428890362777258580 2636098 24.38
1428890362806595066 1428890362806277698 317368 24.38
1428890362834078179 1428890362833753586 324593 24.39
1428890362861362772 1428890362860918564 444208 24.40
1428890362891336106 1428890362889391040 1945066 24.40
1428890362918658430 1428890362918383857 274573 24.41
1428890362945729911 1428890362945487042 242869 24.41
1428890362973980229 1428890362973495342 484887 24.42
1428890363002374193 1428890363001020015 1354178 24.43
1428890363031499097 1428890363029507323 1991774 24.43
1428890363060564042 1428890363058989780 1574262 24.44
1428890363093090516 1428890363088338428 4752088 24.44
1428890363120960986 1428890363115515538 5445448 24.45
1428890363798161166 1428890363797835839 325327 24.17
1428890363825446520 1428890363825063974 382546 24.17
1428890363852923548 1428890363852288713 634835 24.18
1428890363881048840 1428890363880600043 448797 24.19
1428890363910110608 1428890363908590656 1519952 24.19
1428890363937239304 1428890363937007806 231498 24.20
1428890363964308960 1428890363964039393 269567 24.20
1428890363991307474 1428890363991072334 235140 24.21
1428890364020490076 1428890364019455350 1034726 24.22
1428890364047487685 1428890364047258046 229639 24.22
1428890364076838544 1428890364076011263 827281 24.23
1428890364107221994 1428890364106633518 588476 24.23
1428890364138921219 1428890364137854352 1066867 24.24
1428890364168567214 1428890364167964666 602548 24.24
1428890364200793994 1428890364196397575 4396419 24.25
1428890364229559058 1428890364227721953 1837105 24.25
1428890364256821111 1428890364256478453 342658 24.26
1428890364286155763 1428890364285617943 537820 24.27
1428890364313854236 1428890364312752608 1101628 24.27
1428890364345507976 1428890364343264156 2243820 24.28
1428890364374415380 1428890364372756258 1659122 24.28
1428890364403251961 1428890364402249893 1002068 24.29
1428890364433087947 1428890364431473824 1614123 24.29
1428890364465256671 1428890364465157921 98750 24.30
1428890364497464764 1428890364495559827 1904937 24.30
1428890364526505820 1428890364525986176 519644 24.31
1428890364557503362 1428890364554175861 3327501 24.31
1428890364585536426 1428890364581410893 4125533 24.32
1428890364609851570 1428890364608305109 1546461 24.33
1428890364637701875 1428890364635345705 2356170 24.33
1428890364663477793 1428890364662284324 1193469 24.34
1428890364691602152 1428890364689417192 2184960 24.35
1428890364719194207 1428890364716580694 2613513 24.35
1428890364747777590 1428890364743539880 4237710 24.36
1428890364774771205 1428890364770742050 4029155 24.36
1428890364799921476 1428890364797795909 2125567 24.37
1428890364825769198 1428890364824683751 1085447 24.38
1428890364856162287 1428890364851904350 4257937 24.38
1428890364884238937 1428890364882168164 2070773 24.39
1428890364915951121 1428890364914102905 1848216 24.39
1428890364943287975 1428890364942869872 418103 24.40
1428890364970129871 1428890364969702819 427052 24.41
1428890364998895633 1428890364998074504 821129 24.41
1428890365026621636 1428890365026259126 362510 24.42
1428890365057648497 1428890365057037742 610755 24.42
1428890365086918348 1428890365086131424 786924 24.43
1428890365117321612 1428890365115660927 1660685 24.43
1428890365144644266 1428890365144202861 441405 24.44
1428890365826480172 1428890365826103559 376613 24.17
1428890365856527967 1428890365856257633 270334 24.17
1428890365883732785 1428890365883430420 302365 24.18
1428890365913885140 1428890365912433370 1451770 24.18
1428890365942381016 1428890365941823251 557765 24.19
1428890365969626368 1428890365969200902 425466 24.19
1428890365998694507 1428890365997307737 1386770 24.20
1428890366027908544 1428890366026380424 1528120 24.21
1428890366058546871 1428890366056807359 1739512 24.21
1428890366085900378 1428890366085524633 375745 24.22
1428890366113428614 1428890366113195274 233340 24.22
1428890366143221818 1428890366141282470 1939348 24.23
1428890366171087277 1428890366170524166 563111 24.23
1428890366200215200 1428890366199349819 865381 24.24
1428890366227830041 1428890366227466745 363296 24.25
1428890366262248862 1428890366258273817 3975045 24.25
1428890366291359520 1428890366289417997 1941523 24.25
1428890366319395824 1428890366318734112 661712 24.26
1428890366351211229 1428890366350914866 296363 24.26
1428890366378349823 1428890366378104610 245213 24.27
1428890366405432952 1428890366405165522 267430 24.28
1428890366433008675 1428890366432652544 356131 24.28
1428890366463683456 1428890366462988162 695294 24.29
1428890366498503960 1428890366496583194 1920766 24.29
1428890366525832415 1428890366525596885 235530 24.30
1428890366552936958 1428890366552669197 267761 24.30
1428890366581768118 1428890366581071251 696867 24.31
1428890366609108285 1428890366608681980 426305 24.31
1428890366637519936 1428890366636934988 584948 24.32
1428890366666068087 1428890366664109750 1958337 24.33
1428890366691585720 1428890366690962198 623522 24.33
1428890366718246457 1428890366717746537 499920 24.34
1428890366745032669 1428890366744667317 365352 24.35
1428890366772940066 1428890366771859243 1080823 24.35
1428890366801243503 1428890366801043215 200288 24.36
1428890366829224752 1428890366829025487 199265 24.36
1428890366858809576 1428890366858606437 203139 24.37
1428890366889063966 1428890366887267852 1796114 24.37
1428890366916676212 1428890366915972045 704167 24.38
1428890366948070574 1428890366946206052 1864522 24.38
1428890366975509045 1428890366975208522 300523 24.39
1428890367002728877 1428890367002398016 330861 24.40
1428890367029850112 1428890367029551672 298440 24.40
1428890367056995374 1428890367056675493 319881 24.41
1428890367084585748 1428890367084321347 264401 24.41
1428890367112667834 1428890367112381417 286417 24.42
1428890367140649612 1428890367140454434 195178 24.43
1428890367825059982 1428890367824481408 578574 24.16
1428890367852454623 1428890367851732694 721929 24.17
1428890367879404938 1428890367878636958 767980 24.17
1428890367906731315 1428890367905525450 1205865 24.18
1428890367933697277 1428890367932774451 922826 24.19
1428890367961577636 1428890367960450386 1127250 24.19
1428890367989861379 1428890367988168377 1693002 24.20
1428890368016790130 1428890368015143343 1646787 24.20
1428890368043754864 1428890368041910485 1844379 24.21
1428890368074454069 1428890368069046331 5407738 24.21
1428890368098405821 1428890368096233218 2172603 24.22
1428890368123510019 1428890368123200486 309533 24.23
1428890368152901361 1428890368150607175 2294186 24.23
1428890368180479248 1428890368179958865 520383 24.24
1428890368207756332 1428890368207440905 315427 24.25
1428890368235183970 1428890368234723549 460421 24.25
1428890368266197482 1428890368265173355 1024127 24.26
1428890368294613233 1428890368293605750 1007483 24.26
1428890368323326320 1428890368322663735 662585 24.27
1428890368350779669 1428890368350301272 478397 24.27
1428890368378067994 1428890368377704322 363672 24.28
1428890368406236680 1428890368405929644 307036 24.28
1428890368434451856 1428890368433804234 647622 24.29
1428890368461532072 1428890368460995039 537033 24.30
1428890368490214142 1428890368488115790 2098352 24.30
1428890368516803336 1428890368515138165 1665171 24.31
1428890368544022773 1428890368542198663 1824110 24.31
1428890368569929175 1428890368569340827 588348 24.32
1428890368597693729 1428890368597203339 490390 24.33
1428890368624864300 1428890368624380188 484112 24.33
1428890368653807873 1428890368651291314 2516559 24.34
1428890368679471382 1428890368678726503 744879 24.34
1428890368706652389 1428890368706072329 580060 24.35
1428890368735775103 1428890368733570168 2204935 24.36
1428890368763538673 1428890368762844096 694577 24.36
1428890368792926234 1428890368790581103 2345131 24.37
1428890368820565468 1428890368819976426 589042 24.37
1428890368848820025 1428890368847383267 1436758 24.38
1428890368876261580 1428890368875804329 457251 24.38
1428890368903846027 1428890368903147320 698707 24.39
1428890368932098286 1428890368930842737 1255549 24.39
1428890368960281873 1428890368959087119 1194754 24.40
1428890368989964900 1428890368988615440 1349460 24.40
1428890369018230658 1428890369016961944 1268714 24.41
1428890369046881132 1428890369045264150 1616982 24.42
1428890369075394525 1428890369073907817 1486708 24.42
1428890369104397533 1428890369102331411 2066122 24.43
1428890369132935280 1428890369131411292 1523988 24.43
1428890369819851223 1428890369819473943 377280 24.17
1428890369847033952 1428890369846626116 407836 24.18
1428890369876420128 1428890369874863901 1556227 24.19
1428890369905116573 1428890369904121393 995180 24.19
1428890369933294697 1428890369932885777 408920 24.20
1428890369960669189 1428890369960391714 277475 24.20
1428890369987844292 1428890369987511265 333027 24.21
1428890370014923674 1428890370014679009 244665 24.21
1428890370041976362 1428890370041735818 240544 24.22
1428890370069085638 1428890370068782534 303104 24.23
1428890370098315446 1428890370096022692 2292754 24.23
1428890370127498499 1428890370125543959 1954540 24.24
1428890370155006437 1428890370154595690 410747 24.24
1428890370182511371 1428890370181964077 547294 24.25
1428890370211035025 1428890370209896473 1138552 24.25
1428890370238277628 1428890370237885489 392139 24.26
1428890370268704158 1428890370266476679 2227479 24.26
1428890370296894792 1428890370296596695 298097 24.27
1428890370325039800 1428890370323736199 1303601 24.27
1428890370356015750 1428890370353979487 2036263 24.28
1428890370386008717 1428890370384407595 1601122 24.28
1428890370416865583 1428890370415347518 1518065 24.29
1428890370443983412 1428890370443730503 252909 24.29
1428890370473039400 1428890370472994130 45270 24.30
1428890370501198686 1428890370500875935 322751 24.30
1428890370529705081 1428890370528110330 1594751 24.31
1428890370560012522 1428890370559541551 470971 24.31
1428890370589599849 1428890370589093812 506037 24.32
1428890370619343459 1428890370617116701 2226758 24.32
1428890370646026215 1428890370645642079 384136 24.33
1428890370673471529 1428890370672924913 546616 24.33
1428890370701453951 1428890370700646658 807293 24.34
1428890370728615761 1428890370728377231 238530 24.35
1428890370761431550 1428890370759435545 1996005 24.35
1428890370792391161 1428890370790007024 2384137 24.35
1428890370819529020 1428890370819232956 296064 24.36
1428890370847919814 1428890370846413324 1506490 24.36
1428890370875051589 1428890370874785139 266450 24.37
1428890370909095847 1428890370905938982 3156865 24.37
1428890370936412482 1428890370935921458 491024 24.38
1428890370964805308 1428890370963351530 1453778 24.38
1428890370992284702 1428890370991761326 523376 24.39
1428890371023105625 1428890371020809418 2296207 24.39
1428890371051332389 1428890371050881538 450851 24.40
1428890371079008963 1428890371078720667 288296 24.40
1428890371112625156 1428890371110455768 2169388 24.41
1428890371139733862 1428890371139403566 330296 24.41
1428890371166995031 1428890371166577785 417246 24.42
1428890371857144378 1428890371856463192 681186 24.17
1428890371886044184 1428890371884083990 1960194 24.18
1428890371916182160 1428890371914591967 1590193 24.18
1428890371943456933 1428890371943050847 406086 24.19
1428890371970167528 1428890371969898153 269375 24.19
1428890372000392612 1428890371999131401 1261211 24.20
1428890372027488335 1428890372027219698 268637 24.20
1428890372054660692 1428890372054316295 344397 24.21
1428890372083497733 1428890372081801314 1696419 24.21
1428890372110825566 1428890372110532607 292959 24.22
1428890372137914226 1428890372137649666 264560 24.22
1428890372164990896 1428890372164751249 239647 24.23
1428890372192031495 1428890372191784634 246861 24.24
1428890372219085489 1428890372218825564 259925 24.24
1428890372246185901 1428890372245904898 281003 24.25
1428890372273268531 1428890372272979685 288846 24.25
1428890372300393993 1428890372300082589 311404 24.26
1428890372327555181 1428890372327226692 328489 24.26
1428890372360531235 1428890372360118645 412590 24.27
1428890372387714158 1428890372387389148 325010 24.27
1428890372414881395 1428890372414552577 328818 24.28
1428890372442162252 1428890372441772272 389980 24.28
1428890372469253261 1428890372468981263 271998 24.29
1428890372497129213 1428890372496903330 225883 24.30
1428890372525807808 1428890372525550058 257750 24.30
1428890372553756408 1428890372553308509 447899 24.31
1428890372581273764 1428890372580851407 422357 24.31
1428890372613774295 1428890372612755448 1018847 24.31
1428890372642550925 1428890372642145453 405472 24.32
1428890372671250137 1428890372669942152 1307985 24.32
1428890372698425626 1428890372698180946 244680 24.33
1428890372727426697 1428890372726883595 543102 24.33
1428890372757767085 1428890372756182222 1584863 24.34
1428890372785457965 1428890372784783417 674548 24.34
1428890372812774370 1428890372812378933 395437 24.35
1428890372839871283 1428890372839602271 269012 24.36
1428890372867150582 1428890372866712267 438315 24.36
1428890372895594529 1428890372894975319 619210 24.37
1428890372923793302 1428890372923210245 583057 24.37
1428890372955914787 1428890372953608530 2306257 24.38
1428890372983214642 1428890372982881611 333031 24.38
1428890373010331345 1428890373010037050 294295 24.39
1428890373038032422 1428890373037580886 451536 24.39
1428890373064684925 1428890373064515020 169905 24.40
1428890373091958945 1428890373091423323 535622 24.40
1428890373119209726 1428890373118810445 399281 24.41
1428890373146334326 1428890373146017181 317145 24.41
1428890373826764855 1428890373826231446 533409 24.18
1428890373855541736 1428890373853454901 2086835 24.18
1428890373882494072 1428890373880389011 2105061 24.19
1428890373914216908 1428890373911010850 3206058 24.19
1428890373940349936 1428890373939888905 461031 24.20
1428890373968478943 1428890373968132467 346476 24.20
1428890373995748492 1428890373995452839 295653 24.21
1428890374023837350 1428890374023592932 244418 24.21
1428890374051210324 1428890374050936057 274267 24.22
1428890374078562317 1428890374078250573 311744 24.22
1428890374106645625 1428890374106333572 312053 24.23
1428890374136611763 1428890374135995744 616019 24.23
1428890374166839044 1428890374165994982 844062 24.24
1428890374195257252 1428890374194785265 471987 24.24
1428890374222878871 1428890374222292756 586115 24.25
1428890374252784097 1428890374251202792 1581305 24.25
1428890374280352703 1428890374279780280 572423 24.26
1428890374308801336 1428890374307471641 1329695 24.26
1428890374337055332 1428890374335749620 1305712 24.27
1428890374365333002 1428890374364961049 371953 24.27
1428890374393293468 1428890374392467343 826125 24.28
1428890374420904353 1428890374419370978 1533375 24.28
1428890374448142490 1428890374446326568 1815922 24.29
1428890374474723598 1428890374473211631 1511967 24.29
1428890374502672012 1428890374501013369 1658643 24.30
1428890374529783958 1428890374528014017 1769941 24.31
1428890374557092715 1428890374556804682 288033 24.31
1428890374585464371 1428890374585198914 265457 24.32
1428890374614815806 1428890374613073643 1742163 24.32
1428890374641017894 1428890374639905649 1112245 24.33
1428890374667652799 1428890374667053704 599095 24.33
1428890374694992773 1428890374694583972 408801 24.34
1428890374723082569 1428890374721942027 1140542 24.34
1428890374750673343 1428890374750158296 515047 24.35
1428890374778990480 1428890374777744019 1246461 24.35
1428890374807409503 1428890374807062764 346739 24.36
1428890374836164195 1428890374834416241 1747954 24.36
1428890374865663010 1428890374864439018 1223992 24.37
1428890374893989463 1428890374892637637 1351826 24.37
1428890374922933038 1428890374921067079 1865959 24.38
1428890374951106915 1428890374950043308 1063607 24.38
1428890374980909035 1428890374978174100 2734935 24.39
1428890375009130906 1428890375007889035 1241871 24.39
1428890375036349588 1428890375036046378 303210 24.40
1428890375063530365 1428890375063183225 347140 24.40
1428890375091510262 1428890375091165463 344799 24.41
1428890375120084860 1428890375118499581 1585279 24.41
1428890375148776620 1428890375147216516 1560104 24.42
1428890375829540737 1428890375829233671 307066 24.19
1428890375857289631 1428890375856707046 582585 24.19
1428890375886120532 1428890375884359044 1761488 24.20
1428890375915006981 1428890375913155015 1851966 24.20
1428890375943805030 1428890375942082059 1722971 24.21
1428890375971873038 1428890375970802460 1070578 24.21
1428890376000806786 1428890375999023125 1783661 24.21
1428890376029225336 1428890376027818741 1406595 24.22
1428890376058586601 1428890376056545084 2041517 24.22
1428890376087334129 1428890376085772423 1561706 24.23
1428890376114838075 1428890376114343596 494479 24.23
1428890376142223065 1428890376141757093 465972 24.24
1428890376171544840 1428890376170108896 1435944 24.24
1428890376198930753 1428890376198451355 479398 24.25
1428890376227332204 1428890376225823461 1508743 24.25
1428890376254673506 1428890376254306170 367336 24.26
1428890376284951060 1428890376281783554 3167506 24.26
1428890376312958905 1428890376311926455 1032450 24.27
1428890376341330801 1428890376339896618 1434183 24.27
1428890376369673492 1428890376368300495 1372997 24.28
1428890376400046561 1428890376397603714 2442847 24.28
1428890376427845080 1428890376427179401 665679 24.29
1428890376464545573 1428890376464362006 183567 24.29
1428890376491746169 1428890376491501972 244197 24.29
1428890376518951812 1428890376518722167 229645 24.30
1428890376546933374 1428890376546183148 750226 24.30
1428890376576794448 1428890376575411260 1383188 24.31
1428890376609528917 1428890376608122312 1406605 24.31
1428890376636866344 1428890376636473568 392776 24.32
1428890376666233399 1428890376665990363 243036 24.32
1428890376693468336 1428890376693268420 199916 24.33
1428890376723910218 1428890376720917796 2992422 24.33
1428890376748263977 1428890376747705945 558032 24.34
1428890376779226581 1428890376774957272 4269309 24.34
1428890376802488360 1428890376802068641 419719 24.35
1428890376829665774 1428890376829081867 583907 24.35
1428890376860974721 1428890376857037144 3937577 24.36
1428890376884826209 1428890376883896363 929846 24.36
1428890376911431592 1428890376910715047 716545 24.37
1428890376938427492 1428890376937530659 896833 24.37
1428890376966199391 1428890376964473121 1726270 24.38
1428890376992934552 1428890376991317854 1616698 24.38
1428890377019187133 1428890377018158011 1029122 24.39
1428890377052760283 1428890377045494985 7265298 24.39
1428890377076946379 1428890377072992654 3953725 24.40
1428890377102465697 1428890377101051150 1414547 24.40
1428890377129918149 1428890377127928827 1989322 24.41
1428890377818940716 1428890377818555736 384980 24.18
1428890377846587381 1428890377845929241 658140 24.19
1428890377874357397 1428890377873646462 710935 24.19
1428890377902732078 1428890377901382204 1349874 24.20
1428890377930915539 1428890377929716148 1199391 24.20
1428890377959330673 1428890377957915039 1415634 24.21
1428890377988040725 1428890377986387106 1653619 24.21
1428890378015553992 1428890378015063461 490531 24.22
1428890378042951618 1428890378042459102 492516 24.22
1428890378072885528 1428890378070231253 2654275 24.23
1428890378100833365 1428890378100064832 768533 24.23
1428890378130760714 1428890378129762557 998157 24.24
1428890378159228580 1428890378157863570 1365010 24.24
1428890378187372187 1428890378186447589 924598 24.25
1428890378216459132 1428890378215580859 878273 24.25
1428890378245657093 1428890378243420679 2236414 24.25
1428890378275140770 1428890378272987002 2153768 24.26
1428890378304125137 1428890378303732982 392155 24.26
1428890378331736612 1428890378331136492 600120 24.27
1428890378364732362 1428890378360428348 4304014 24.27
1428890378392629270 1428890378391744050 885220 24.28
1428890378420012222 1428890378418640622 1371600 24.28
1428890378447079487 1428890378445565192 1514295 24.29
1428890378473857746 1428890378472856528 1001218 24.29
1428890378502805793 1428890378500586937 2218856 24.30
1428890378529641864 1428890378527756523 1885341 24.30
1428890378555993782 1428890378554869777 1124005 24.31
1428890378583467725 1428890378581711296 1756429 24.31
1428890378610160039 1428890378608558474 1601565 24.32
1428890378637557247 1428890378635662064 1895183 24.32
1428890378663889733 1428890378662984966 904767 24.33
1428890378693485953 1428890378693424524 61429 24.33
1428890378727154337 1428890378726995643 158694 24.33
1428890378754318104 1428890378754110628 207476 24.34
1428890378781582466 1428890378781184493 397973 24.35
1428890378808916641 1428890378808221208 695433 24.35
1428890378837222405 1428890378837031007 191398 24.35
1428890378869709340 1428890378868929081 780259 24.36
1428890378897183289 1428890378896992228 191061 24.36
1428890378928917179 1428890378928132798 784381 24.37
1428890378958898831 1428890378957330962 1567869 24.37
1428890378987241406 1428890378986311891 929515 24.37
1428890379015259763 1428890379014884343 375420 24.38
1428890379042509254 1428890379042144827 364427 24.38
1428890379069644555 1428890379069345565 298990 24.39
1428890379097276773 1428890379096976483 300290 24.39
1428890379127034358 1428890379125131035 1903323 24.40
1428890379155108527 1428890379154076245 1032282 24.40
1428890379844887687 1428890379844575783 311904 24.18
1428890379872071756 1428890379871754601 317155 24.19
1428890379899082973 1428890379898856369 226604 24.19
1428890379926582989 1428890379926469904 113085 24.20
1428890379956161734 1428890379955174114 987620 24.20
1428890379983509276 1428890379983193609 315667 24.21
1428890380012525287 1428890380011797315 727972 24.21
1428890380040174533 1428890380039932052 242481 24.22
1428890380067463342 1428890380067087137 376205 24.22
1428890380095404395 1428890380094761020 643375 24.23
1428890380125289952 1428890380123591842 1698110 24.23
1428890380153969941 1428890380152495102 1474839 24.24
1428890380181429310 1428890380180947924 481386 24.24
1428890380209815201 1428890380208355916 1459285 24.25
1428890380237167977 1428890380236731154 436823 24.25
1428890380265078031 1428890380264598739 479292 24.26
1428890380292853959 1428890380292640012 213947 24.26
1428890380320070168 1428890380319903041 167127 24.26
1428890380350555829 1428890380349812544 743285 24.27
1428890380383999806 1428890380382459107 1540699 24.27
1428890380413583728 1428890380412383281 1200447 24.28
1428890380443478236 1428890380441073676 2404560 24.28
1428890380472204309 1428890380470580479 1623830 24.28
1428890380504095531 1428890380499186325 4909206 24.29
1428890380531526649 1428890380531145207 381442 24.29
1428890380558807705 1428890380558407412 400293 24.30
1428890380585987867 1428890380585667097 320770 24.30
1428890380617086861 1428890380613196981 3889880 24.31
1428890380641006318 1428890380640231061 775257 24.31
1428890380669933164 1428890380667319750 2613414 24.32
1428890380697634297 1428890380697078611 555686 24.32
1428890380725733837 1428890380724608557 1125280 24.33
1428890380753987374 1428890380752762521 1224853 24.33
1428890380781403667 1428890380780927215 476452 24.34
1428890380809631324 1428890380809204484 426840 24.34
1428890380838093049 1428890380836685108 1407941 24.34
1428890380868206213 1428890380867916936 289277 24.35
1428890380897719321 1428890380895251234 2468087 24.35
1428890380923454493 1428890380923020734 433759 24.36
1428890380950860595 1428890380950381934 478661 24.36
1428890380978917227 1428890380978455978 461249 24.37
1428890381007017340 1428890381006568512 448828 24.37
1428890381037215457 1428890381035071600 2143857 24.38
1428890381065500736 1428890381065134519 366217 24.38
1428890381094432164 1428890381092635385 1796779 24.38
1428890381122308327 1428890381121837710 470617 24.39
1428890381150811542 1428890381149268479 1543063 24.39
1428890381834550093 1428890381834003357 546736 24.18
1428890381864249431 1428890381862026693 2222738 24.19
1428890381889587164 1428890381888898566 688598 24.19
1428890381917563380 1428890381916844586 718794 24.20
1428890381945974667 1428890381943754171 2220496 24.20
1428890381972657315 1428890381970690990 1966325 24.21
1428890382001436022 1428890381999445910 1990112 24.21
1428890382028541397 1428890382027249095 1292302 24.22
1428890382055059062 1428890382054191354 867708 24.22
1428890382082095446 1428890382081177226 918220 24.23
1428890382109876348 1428890382108101931 1774417 24.23
1428890382137115429 1428890382135200736 1914693 24.24
1428890382163968222 1428890382162303559 1664663 24.24
1428890382191468766 1428890382191029164 439602 24.24
1428890382220157617 1428890382219879033 278584 24.25
