1428887123600190048 1428887123598319050 1870998 6.04
1428887123772501989 1428887123770196609 2305380 5.92
1428887123944907271 1428887123942752946 2154325 5.88
1428887124104733289 1428887124103975730 757559 5.97
1428887124272728448 1428887124270484783 2243665 5.97
1428887124434842978 1428887124430976879 3866099 6.00
1428887124597645237 1428887124595394336 2250901 6.02
1428887124758110589 1428887124757626891 483698 6.04
1428887124920561607 1428887124919224081 1337526 6.06
1428887125088168807 1428887125085811870 2356937 6.05
1428887125249572219 1428887125249280965 291254 6.06
1428887125414723177 1428887125410162229 4560948 6.06
1428887125573095808 1428887125571086993 2008815 6.08
1428887125733645635 1428887125733113695 531940 6.09
1428887125894978381 1428887125893333500 1644881 6.10
1428887126053983208 1428887126053546064 437144 6.11
1428887126219082654 1428887126214004060 5078594 6.11
1428887126378123225 1428887126374487302 3635923 6.12
1428887126539823433 1428887126534994076 4829357 6.12
1428887126697920620 1428887126697156149 764471 6.13
1428887126858425345 1428887126857770919 654426 6.13
1428887127020692667 1428887127018141516 2551151 6.13
1428887127181403260 1428887127181005195 398065 6.14
1428887127341939700 1428887127341582410 357290 6.14
1428887127505394226 1428887127503110242 2283984 6.14
1428887127667897233 1428887127663619351 4277882 6.14
1428887127827873273 1428887127827230972 642301 6.15
1428887127990004526 1428887127987779045 2225481 6.15
1428887128153631658 1428887128151430305 2201353 6.15
1428887128316991055 1428887128314706525 2284530 6.14
1428887128479064560 1428887128476447544 2617016 6.15
1428887128638058721 1428887128636717590 1341131 6.15
1428887128798283114 1428887128796936969 1346145 6.15
1428887128957530241 1428887128957160424 369817 6.16
1428887129118102567 1428887129117726247 376320 6.16
1428887129278691612 1428887129278304653 386959 6.16
1428887129439287807 1428887129438917083 370724 6.16
1428887129601019501 1428887129599966700 1052801 6.16
1428887129764456591 1428887129760304166 4152425 6.16
1428887129924276833 1428887129923644917 631916 6.16
1428887130085416280 1428887130084706934 709346 6.16
1428887130246871500 1428887130245032227 1839273 6.17
1428887130409362703 1428887130405548057 3814646 6.17
1428887130572089736 1428887130567062727 5027009 6.16
1428887130729202421 1428887130727360975 1841446 6.17
1428887130895014596 1428887130887945444 7069152 6.17
1428887131049576215 1428887131048280429 1295786 6.17
1428887131208955427 1428887131208391450 563977 6.17
1428887131371023861 1428887131368829427 2194434 6.17
1428887131533077106 1428887131529793230 3283876 6.17
1428887131692625870 1428887131690848374 1777496 6.18
1428887131857587280 1428887131853511716 4075564 6.17
1428887132020496136 1428887132015151239 5344897 6.17
1428887132177374057 1428887132175415082 1958975 6.18
1428887132337617553 1428887132335879606 1737947 6.18
1428887132496816130 1428887132496110508 705622 6.18
1428887132656703456 1428887132656253839 449617 6.18
1428887132816985584 1428887132816398068 587516 6.18
1428887132976935453 1428887132976568971 366482 6.18
1428887133137409367 1428887133137101464 307903 6.18
1428887133297853702 1428887133297567806 285896 6.18
1428887133458803280 1428887133458548069 255211 6.19
1428887133619260299 1428887133619093472 166827 6.19
1428887133780597551 1428887133780378904 218647 6.19
1428887133940944710 1428887133940720289 224421 6.19
1428887134101357859 1428887134101098455 259404 6.19
1428887134264618616 1428887134263135517 1483099 6.19
1428887134428469081 1428887134425824150 2644931 6.19
1428887134586441843 1428887134586097623 344220 6.19
1428887134749090363 1428887134748265940 824423 6.19
1428887134910437336 1428887134909978954 458382 6.19
1428887135072888685 1428887135070729021 2159664 6.19
1428887135233774177 1428887135233105306 668871 6.19
1428887135397180804 1428887135393369668 3811136 6.19
1428887135556127952 1428887135555773410 354542 6.19
1428887135721925991 1428887135717128871 4797120 6.19
1428887135879942986 1428887135879264601 678385 6.19
1428887136041869216 1428887136039651408 2217808 6.19
1428887136201121194 1428887136200006714 1114480 6.19
1428887136360806574 1428887136360306645 499929 6.19
1428887136520893987 1428887136520497923 396064 6.19
1428887136684829218 1428887136682463255 2365963 6.19
1428887136844223263 1428887136842656034 1567229 6.19
1428887137003808991 1428887137002887148 921843 6.19
1428887137164023979 1428887137163099392 924587 6.19
1428887137328176055 1428887137324682477 3493578 6.19
1428887137490347714 1428887137486256730 4090984 6.19
1428887137650632107 1428887137650241012 391095 6.19
1428887137811836261 1428887137810468095 1368166 6.19
1428887137972443672 1428887137972064602 379070 6.19
1428887138133801650 1428887138133164079 637571 6.19
1428887138298103781 1428887138296308160 1795621 6.19
1428887138459279603 1428887138458439795 839808 6.19
1428887138624303576 1428887138618800568 5503008 6.19
1428887138781066390 1428887138779190926 1875464 6.19
1428887138939952208 1428887138939494971 457237 6.19
1428887139102235574 1428887139100249913 1985661 6.19
1428887139266070477 1428887139262788524 3281953 6.19
1428887139427175195 1428887139423362335 3812860 6.19
1428887139584977307 1428887139584245022 732285 6.19
1428887139745586675 1428887139745294672 292003 6.19
1428887139906127147 1428887139905820977 306170 6.19
1428887140066674815 1428887140066325980 348835 6.19
1428887140229366578 1428887140226671951 2694627 6.19
1428887140389274820 1428887140387082880 2191940 6.19
1428887140549225017 1428887140547474835 1750182 6.19
1428887140711302161 1428887140707897587 3404574 6.19
1428887140869678499 1428887140868302844 1375655 6.19
1428887141028927610 1428887141028545434 382176 6.20
1428887141190635558 1428887141189256937 1378621 6.20
1428887141352310076 1428887141352042204 267872 6.19
1428887141514675832 1428887141512574622 2101210 6.19
1428887141673439587 1428887141672847076 592511 6.20
1428887141834689851 1428887141833700622 989229 6.20
1428887141996733349 1428887141994205633 2527716 6.20
1428887142157612416 1428887142155456832 2155584 6.20
1428887142323368643 1428887142321553685 1814958 6.19
1428887142487092838 1428887142483214795 3878043 6.19
1428887142644945533 1428887142643636491 1309042 6.19
1428887142804517400 1428887142803909253 608147 6.20
1428887142965115871 1428887142964178578 937293 6.20
1428887143128106210 1428887143124716360 3389850 6.19
1428887143289226027 1428887143285328115 3897912 6.20
1428887143447636240 1428887143445797904 1838336 6.20
1428887143606947014 1428887143606087901 859113 6.20
1428887143766973620 1428887143766395856 577764 6.20
1428887143928337284 1428887143927925904 411380 6.20
1428887144090183164 1428887144088756906 1426258 6.20
1428887144249627049 1428887144249079258 547791 6.20
1428887144412004599 1428887144410007060 1997539 6.20
1428887144573400633 1428887144571007231 2393402 6.20
1428887144738055061 1428887144734763059 3292002 6.20
1428887144896125231 1428887144895002186 1123045 6.20
1428887145055562231 1428887145055209577 352654 6.20
1428887145218598209 1428887145215982785 2615424 6.20
1428887145378429485 1428887145376439427 1990058 6.20
1428887145538350217 1428887145536717176 1633041 6.20
1428887145699673523 1428887145697064498 2609025 6.20
1428887145858070511 1428887145857368491 702020 6.20
1428887146018695392 1428887146018314115 381277 6.20
1428887146179639466 1428887146179064725 574741 6.20
1428887146342484624 1428887146341250202 1234422 6.20
1428887146502819348 1428887146501789390 1029958 6.20
1428887146668058708 1428887146662410305 5648403 6.20
1428887146824749944 1428887146822860607 1889337 6.20
1428887146985189447 1428887146984302520 886927 6.20
1428887147145716287 1428887147145205161 511126 6.20
1428887147306945836 1428887147305481263 1464573 6.20
1428887147468751169 1428887147466142607 2608562 6.20
1428887147636595009 1428887147628386960 8208049 6.20
1428887147797084625 1428887147791537379 5547246 6.20
1428887147965274882 1428887147957548970 7725912 6.20
1428887148118150149 1428887148117857410 292739 6.20
1428887148283870606 1428887148279343580 4527026 6.20
1428887148442149764 1428887148439808086 2341678 6.20
1428887148603926610 1428887148600275560 3651050 6.20
1428887148763576516 1428887148761596709 1979807 6.20
1428887148924732494 1428887148922374998 2357496 6.20
1428887149085520912 1428887149083025028 2495884 6.20
1428887149246176695 1428887149243625099 2551596 6.20
1428887149407703167 1428887149404093808 3609359 6.20
1428887149567257427 1428887149566764159 493268 6.20
1428887149727785336 1428887149727136159 649177 6.20
1428887149891395566 1428887149889576381 1819185 6.20
1428887150054422628 1428887150053847951 574677 6.20
1428887150214646987 1428887150214153443 493544 6.20
1428887150376729435 1428887150374432144 2297291 6.20
1428887150537004999 1428887150535101582 1903417 6.20
1428887150696058584 1428887150695354916 703668 6.20
1428887150856864405 1428887150855579588 1284817 6.20
1428887151016125947 1428887151015776090 349857 6.20
1428887151178881025 1428887151176413729 2467296 6.20
1428887151344032835 1428887151336905206 7127629 6.20
1428887151498398722 1428887151497326635 1072087 6.20
1428887151660137864 1428887151657717273 2420591 6.20
1428887151818648262 1428887151818026590 621672 6.20
1428887151981609450 1428887151979897596 1711854 6.20
1428887152144713897 1428887152140278640 4435257 6.20
1428887152300956065 1428887152300773994 182071 6.20
1428887152465482084 1428887152464880754 601330 6.20
1428887152631423775 1428887152625369384 6054391 6.20
1428887152795449143 1428887152787997665 7451478 6.20
1428887152953113064 1428887152952802426 310638 6.20
1428887153120747174 1428887153113613349 7133825 6.20
1428887153281812114 1428887153276391460 5420654 6.20
1428887153439422867 1428887153436827642 2595225 6.20
1428887153601216133 1428887153597226384 3989749 6.20
1428887153759305735 1428887153758309865 995870 6.20
1428887153921590448 1428887153919764440 1826008 6.20
1428887154085027851 1428887154082107545 2920306 6.20
1428887154247727365 1428887154245569578 2157787 6.20
1428887154407980738 1428887154407410750 569988 6.20
1428887154568439627 1428887154567991454 448173 6.20
1428887154731369101 1428887154730654498 714603 6.20
1428887154891647472 1428887154890946283 701189 6.20
1428887155056036032 1428887155051363122 4672910 6.20
1428887155213153898 1428887155211837774 1316124 6.20
1428887155373815171 1428887155372190822 1624349 6.20
1428887155533936638 1428887155532546597 1390041 6.20
1428887155693445362 1428887155692805758 639604 6.20
1428887155853479461 1428887155853045782 433679 6.20
1428887156016118905 1428887156013779257 2339648 6.20
1428887156178638282 1428887156176676158 1962124 6.20
1428887156337934286 1428887156336959707 974579 6.20
1428887156504818064 1428887156497314757 7503307 6.20
1428887156660032322 1428887156657715708 2316614 6.20
1428887156819488420 1428887156818333715 1154705 6.20
1428887156979376589 1428887156978769893 606696 6.20
1428887157141853040 1428887157139151742 2701298 6.20
1428887157302205972 1428887157299563878 2642094 6.20
1428887157460988230 1428887157459841471 1146759 6.20
1428887157620337312 1428887157620027044 310268 6.20
1428887157780701770 1428887157780270685 431085 6.20
1428887157943613124 1428887157940610968 3002156 6.20
1428887158101392724 1428887158101014897 377827 6.20
1428887158263843766 1428887158261806354 2037412 6.20
1428887158426842187 1428887158425327228 1514959 6.20
1428887158586343239 1428887158585970530 372709 6.20
1428887158747645012 1428887158746753750 891262 6.20
1428887158911499346 1428887158909484128 2015218 6.20
1428887159077174939 1428887159076719144 455795 6.20
1428887159239793882 1428887159237667103 2126779 6.20
1428887159407465924 1428887159402290626 5175298 6.20
1428887159563625224 1428887159562679425 945799 6.20
1428887159730218499 1428887159723267019 6951480 6.20
1428887159886042491 1428887159883823725 2218766 6.20
1428887160048499124 1428887160047887174 611950 6.20
1428887160208530969 1428887160208078727 452242 6.20
1428887160369723714 1428887160368224280 1499434 6.20
1428887160533323315 1428887160528420597 4902718 6.20
1428887160688903366 1428887160688614248 289118 6.20
1428887160849468081 1428887160849180372 287709 6.20
1428887161012076807 1428887161009839913 2236894 6.20
1428887161178212989 1428887161173845639 4367350 6.20
1428887161336257231 1428887161334352184 1905047 6.20
1428887161495602734 1428887161494692235 910499 6.20
1428887161660701786 1428887161657000861 3700925 6.20
1428887161818499820 1428887161817266899 1232921 6.20
1428887161980793082 1428887161979042342 1750740 6.20
1428887162146997617 1428887162142300109 4697508 6.20
1428887162306303503 1428887162302764094 3539409 6.20
1428887162464004860 1428887162463055624 949236 6.20
1428887162625847208 1428887162623336161 2511047 6.20
1428887162787221562 1428887162783679527 3542035 6.20
1428887162947647502 1428887162947361113 286389 6.20
1428887163107943108 1428887163107478128 464980 6.20
1428887163270316615 1428887163267866413 2450202 6.20
1428887163436859351 1428887163431738235 5121116 6.20
1428887163595947762 1428887163592322051 3625711 6.20
1428887163759951128 1428887163756977902 2973226 6.20
1428887163921441568 1428887163917492951 3948617 6.20
1428887164086475746 1428887164078128512 8347234 6.20
1428887164242584291 1428887164238636479 3947812 6.20
1428887164406464787 1428887164399143090 7321697 6.20
1428887164563455814 1428887164559577313 3878501 6.20
1428887164725074987 1428887164720284811 4790176 6.20
1428887164883802110 1428887164882312931 1489179 6.20
1428887165046200560 1428887165044528470 1672090 6.20
1428887165207087115 1428887165206686955 400160 6.20
1428887165370172638 1428887165367340766 2831872 6.20
1428887165530262623 1428887165529090903 1171720 6.20
1428887165690197499 1428887165689411687 785812 6.20
1428887165850956042 1428887165849661644 1294398 6.20
1428887166012108750 1428887166010198540 1910210 6.20
1428887166177289346 1428887166174651908 2637438 6.20
1428887166335687848 1428887166334991815 696033 6.20
1428887166496978184 1428887166495214043 1764141 6.20
1428887166657345028 1428887166655489523 1855505 6.20
1428887166817320478 1428887166817027615 292863 6.20
1428887166978550605 1428887166978230398 320207 6.20
1428887167141990142 1428887167139740303 2249839 6.20
1428887167303453311 1428887167300232149 3221162 6.20
1428887167461678934 1428887167460959483 719451 6.20
1428887167623414983 1428887167621324858 2090125 6.20
1428887167782445107 1428887167781712854 732253 6.20
1428887167944965663 1428887167942241515 2724148 6.20
1428887168105846804 1428887168102786948 3059856 6.20
1428887168264278628 1428887168263360930 917698 6.20
1428887168426870668 1428887168424196927 2673741 6.20
1428887168586922709 1428887168584814232 2108477 6.20
1428887168747832828 1428887168745227631 2605197 6.20
1428887168906021399 1428887168905603701 417698 6.20
1428887169067795920 1428887169066279343 1516577 6.20
1428887169230718734 1428887169228250118 2468616 6.20
1428887169392567602 1428887169390616977 1950625 6.20
1428887169552937250 1428887169551379009 1558241 6.20
1428887169712469008 1428887169711756736 712272 6.20
1428887169874951772 1428887169872177033 2774739 6.20
1428887170035110204 1428887170034545944 564260 6.20
1428887170195424777 1428887170195077411 347366 6.20
1428887170356008862 1428887170355255040 753822 6.20
1428887170516216500 1428887170515574079 642421 6.20
1428887170677814121 1428887170676114942 1699179 6.20
1428887170837517450 1428887170836575111 942339 6.20
1428887170999825570 1428887170998013096 1812474 6.20
1428887171164872033 1428887171162781789 2090244 6.20
1428887171329010675 1428887171325694492 3316183 6.20
1428887171489642873 1428887171487079910 2562963 6.20
1428887171650427146 1428887171647626921 2800225 6.20
1428887171810061843 1428887171809706386 355457 6.20
1428887171972237136 1428887171970440007 1797129 6.20
1428887172140203854 1428887172138051810 2152044 6.20
1428887172308596269 1428887172298550377 10045892 6.20
1428887172463390135 1428887172461265707 2124428 6.20
1428887172623041473 1428887172621952202 1089271 6.20
1428887172784545942 1428887172782546325 1999617 6.20
1428887172945418894 1428887172944920049 498845 6.20
1428887173106619315 1428887173105759547 859768 6.20
1428887173276056312 1428887173270986265 5070047 6.20
1428887173431774032 1428887173431530259 243773 6.20
1428887173593018085 1428887173591812744 1205341 6.20
1428887173756848097 1428887173753817133 3030964 6.20
1428887173916396769 1428887173914165976 2230793 6.20
1428887174083002457 1428887174078620207 4382250 6.20
1428887174248828377 1428887174246760751 2067626 6.20
1428887174408908812 1428887174407129495 1779317 6.20
1428887174567840454 1428887174567348491 491963 6.20
1428887174732687141 1428887174727644366 5042775 6.20
1428887174889771746 1428887174888001728 1770018 6.20
1428887175050065302 1428887175048371473 1693829 6.20
1428887175209532465 1428887175208553067 979398 6.20
1428887175370296484 1428887175368767893 1528591 6.20
1428887175529713476 1428887175528968170 745306 6.20
1428887175691718639 1428887175689324453 2394186 6.20
1428887175852067656 1428887175849701942 2365714 6.20
1428887176016692423 1428887176014320479 2371944 6.20
1428887176181232405 1428887176177927013 3305392 6.20
1428887176339969096 1428887176338186287 1782809 6.20
1428887176504465438 1428887176498407527 6057911 6.20
1428887176661262246 1428887176658726634 2535612 6.20
1428887176821330478 1428887176819009027 2321451 6.20
1428887176980962754 1428887176979436711 1526043 6.20
1428887177143999882 1428887177140582868 3417014 6.20
1428887177304067477 1428887177302036291 2031186 6.20
1428887177468473525 1428887177464430700 4042825 6.20
1428887177628711906 1428887177625858017 2853889 6.20
1428887177788092777 1428887177786723427 1369350 6.20
1428887177948952922 1428887177948380731 572191 6.20
1428887178111699637 1428887178111010694 688943 6.20
1428887178272947533 1428887178271915545 1031988 6.20
1428887178438210365 1428887178434113772 4096593 6.20
1428887178596662784 1428887178594301971 2360813 6.20
1428887178756418924 1428887178755533048 885876 6.20
1428887178917310824 1428887178916953804 357020 6.20
1428887179083485409 1428887179079288220 4197189 6.20
1428887179239808083 1428887179239575123 232960 6.20
1428887179401847084 1428887179400075559 1771525 6.20
1428887179563849942 1428887179561795521 2054421 6.20
1428887179723203855 1428887179722019338 1184517 6.20
1428887179884092888 1428887179882359491 1733397 6.20
1428887180042976734 1428887180042577012 399722 6.20
1428887180203184518 1428887180202786071 398447 6.20
1428887180363301373 1428887180362926507 374866 6.20
1428887180526472136 1428887180524205693 2266443 6.20
1428887180685509380 1428887180684918886 590494 6.20
1428887180845462818 1428887180845039966 422852 6.20
1428887181005421165 1428887181005172460 248705 6.20
1428887181168616170 1428887181168028481 587689 6.20
1428887181330391329 1428887181329863154 528175 6.20
1428887181494255496 1428887181492078248 2177248 6.20
1428887181656798549 1428887181653241801 3556748 6.20
1428887181813979106 1428887181813372383 606723 6.20
1428887181974134815 1428887181973791756 343059 6.20
1428887182136845616 1428887182135175110 1670506 6.20
1428887182297532615 1428887182297008692 523923 6.20
1428887182460997897 1428887182457509197 3488700 6.20
1428887182621334833 1428887182618984144 2350689 6.20
1428887182786798674 1428887182780979724 5818950 6.20
1428887182952972534 1428887182944854104 8118430 6.20
1428887183108743836 1428887183108111187 632649 6.20
1428887183274232186 1428887183269066166 5166020 6.20
1428887183433785822 1428887183432552944 1232878 6.20
1428887183596399855 1428887183594519291 1880564 6.20
1428887183758328661 1428887183755809472 2519189 6.20
1428887183919263635 1428887183917566649 1696986 6.20
1428887184080262015 1428887184079629645 632370 6.20
1428887184240349720 1428887184239901984 447736 6.20
1428887184402874284 1428887184401066837 1807447 6.20
1428887184566821194 1428887184561532199 5288995 6.20
1428887184723979321 1428887184722043911 1935410 6.20
1428887184885111506 1428887184883302664 1808842 6.20
1428887185046082431 1428887185043764901 2317530 6.20
1428887185206914400 1428887185204565576 2348824 6.20
1428887185365527586 1428887185365206572 321014 6.20
1428887185531040382 1428887185527050147 3990235 6.20
1428887185689158271 1428887185687397115 1761156 6.20
1428887185851134291 1428887185849546610 1587681 6.20
1428887186014031448 1428887186013286770 744678 6.20
1428887186177393190 1428887186175316619 2076571 6.20
1428887186337002426 1428887186335857207 1145219 6.20
1428887186497224964 1428887186496471392 753572 6.20
1428887186660272488 1428887186657140894 3131594 6.20
1428887186818123838 1428887186817349384 774454 6.20
1428887186978917141 1428887186977562915 1354226 6.20
1428887187144929906 1428887187138144095 6785811 6.20
1428887187307832417 1428887187299437815 8394602 6.20
1428887187461337012 1428887187461123605 213407 6.20
1428887187623395936 1428887187621842762 1553174 6.20
1428887187787189917 1428887187784306802 2883115 6.20
1428887187946203539 1428887187944950788 1252751 6.20
1428887188106213882 1428887188105708820 505062 6.20
1428887188274767451 1428887188268051298 6716153 6.20
1428887188430873881 1428887188430386832 487049 6.20
1428887188592307224 1428887188591427309 879915 6.20
1428887188758560111 1428887188752238498 6321613 6.20
1428887188917760033 1428887188914228018 3532015 6.20
1428887189076877409 1428887189075120748 1756661 6.20
1428887189241140315 1428887189237575595 3564720 6.20
1428887190039721232 1428887190039325441 395791 6.16
1428887190200267923 1428887190199847072 420851 6.16
