1428890016848136844 1428890016847652712 484132 43.37
1428890016872297201 1428890016872039629 257572 42.36
1428890016894150695 1428890016893804433 346262 43.43
1428890016914503129 1428890016914442981 60148 44.73
1428890016935086603 1428890016934863549 223054 45.45
1428890016956582856 1428890016955545018 1037838 45.63
1428890016977333345 1428890016976613725 719620 45.98
1428890016997770158 1428890016997391003 379155 46.33
1428890017018125911 1428890017017578130 547781 46.62
1428890017039693618 1428890017038694223 999395 46.60
1428890017059481636 1428890017059032677 448959 46.93
1428890017081273344 1428890017080044124 1229220 46.84
1428890017101413796 1428890017100834908 578888 47.04
1428890017121693347 1428890017121080054 613293 47.20
1428890017142138068 1428890017141380277 757791 47.31
1428890017163247472 1428890017161760809 1486663 47.31
1428890017183828245 1428890017183163442 664803 47.39
1428890017204951101 1428890017203435103 1515998 47.38
1428890017224673046 1428890017223741806 931240 47.55
1428890017245552740 1428890017244044779 1507961 47.57
1428890017269398600 1428890017266981714 2416886 47.26
1428890017289038960 1428890017287233726 1805234 47.42
1428890017308887259 1428890017307485930 1401329 47.54
1428890017328897378 1428890017327724637 1172741 47.64
1428890017349855808 1428890017347907401 1948407 47.64
1428890017376057158 1428890017368187339 7869819 47.19
1428890017393358085 1428890017388613297 4744788 47.51
1428890018217409189 1428890018217207788 201401 20.83
1428890018237838009 1428890018237586048 251961 21.24
1428890018258418402 1428890018257997452 420950 21.63
1428890018278945944 1428890018278644445 301499 22.01
1428890018299536029 1428890018299105022 431007 22.38
1428890018320067930 1428890018319756357 311573 22.74
1428890018340624770 1428890018340364043 260727 23.09
1428890018361012640 1428890018360757308 255332 23.44
1428890018381528038 1428890018381163797 364241 23.77
1428890018402820026 1428890018402398699 421327 24.09
1428890018423291848 1428890018422991589 300259 24.40
1428890018443933730 1428890018443491184 442546 24.71
1428890018464533236 1428890018464166243 366993 25.01
1428890018487311328 1428890018486954864 356464 25.27
1428890018507838148 1428890018507490784 347364 25.55
1428890018528315992 1428890018528010683 305309 25.83
1428890018548846164 1428890018548498783 347381 26.11
1428890018569404364 1428890018569038896 365468 26.37
1428890018589893504 1428890018589579948 313556 26.63
1428890018610464144 1428890018610069015 395129 26.88
1428890018630995326 1428890018630646972 348354 27.13
1428890018651404385 1428890018651122446 281939 27.38
1428890018671898402 1428890018671586084 312318 27.62
1428890018935238540 1428890018934927557 310983 25.12
1428890018955681726 1428890018955395048 286678 25.34
1428890018976258070 1428890018975920721 337349 25.57
1428890018996711334 1428890018996426577 284757 25.79
1428890019017295317 1428890019016945230 350087 26.00
1428890019039064137 1428890019037890072 1174065 26.20
1428890019059763865 1428890019058233968 1529897 26.40
1428890019078872492 1428890019078357538 514954 26.62
1428890019098904183 1428890019098536561 367622 26.83
1428890019119177170 1428890019118677574 499596 27.03
1428890019139340109 1428890019138872284 467825 27.22
1428890019159490755 1428890019159017241 473514 27.42
1428890019179652098 1428890019179167063 485035 27.61
1428890019199751652 1428890019199337249 414403 27.79
1428890019219922021 1428890019219491676 430345 27.98
1428890019240077813 1428890019239642047 435766 28.16
1428890019260230586 1428890019259775882 454704 28.34
1428890019280324002 1428890019279855487 468515 28.51
1428890019300506119 1428890019300009196 496923 28.68
1428890019320644756 1428890019320169265 475491 28.85
1428890019340775339 1428890019340324360 450979 29.02
1428890019360976284 1428890019360487810 488474 29.18
1428890019381156180 1428890019380663886 492294 29.34
1428890020041404282 1428890020040992316 411966 23.94
1428890020063927332 1428890020063238622 688710 24.08
1428890020087894287 1428890020087171072 723215 24.21
1428890020110210591 1428890020109738361 472230 24.35
1428890020130808904 1428890020130416510 392394 24.50
1428890020151522814 1428890020151155104 367710 24.65
1428890020172915118 1428890020171815337 1099781 24.79
1428890020193376075 1428890020193085817 290258 24.94
1428890020215021351 1428890020214794456 226895 25.07
1428890020236950355 1428890020235887527 1062828 25.21
1428890020258633055 1428890020258069987 563068 25.34
1428890020279774245 1428890020279411048 363197 25.47
1428890020300339540 1428890020300015189 324351 25.61
1428890020322083353 1428890020321718199 365154 25.74
1428890020346059580 1428890020344001964 2057616 25.85
1428890020368143669 1428890020367652497 491172 25.97
1428890020390271887 1428890020389089494 1182393 26.09
1428890020411934281 1428890020410423188 1511093 26.21
1428890020437376353 1428890020436859311 517042 26.30
1428890020461404746 1428890020459993042 1411704 26.40
1428890020481789692 1428890020481411562 378130 26.53
1428890020507285513 1428890020505174058 2111455 26.61
1428890020528990815 1428890020527694168 1296647 26.73
1428890021195365877 1428890021194962794 403083 23.11
1428890021217905365 1428890021217393226 512139 23.22
1428890021241297377 1428890021240920696 376681 23.32
1428890021261897594 1428890021261542242 355352 23.44
1428890021283404026 1428890021283015483 388543 23.55
1428890021304442137 1428890021304028322 413815 23.66
1428890021325979169 1428890021324682240 1296929 23.77
1428890021348320648 1428890021346412037 1908611 23.88
1428890021369081615 1428890021368471856 609759 23.99
1428890021389683551 1428890021389222563 460988 24.10
1428890021413068176 1428890021410830661 2237515 24.19
1428890021433838234 1428890021433368218 470016 24.30
1428890021456299321 1428890021455584233 715088 24.40
1428890021480505395 1428890021478764688 1740707 24.49
1428890021504967491 1428890021503408431 1559060 24.57
1428890021528825937 1428890021527600348 1225589 24.66
1428890021549259594 1428890021548980122 279472 24.77
1428890021571658230 1428890021569514350 2143880 24.86
1428890021592395501 1428890021591963351 432150 24.96
1428890021614998292 1428890021613110015 1888277 25.05
1428890021637023824 1428890021635729616 1294208 25.15
1428890021660603499 1428890021658638175 1965324 25.23
1428890021683137305 1428890021681345488 1791817 25.32
1428890021937152090 1428890021936565835 586255 24.45
1428890021958754498 1428890021958319307 435191 24.54
1428890021981287071 1428890021980829564 457507 24.63
1428890022001943917 1428890022001595713 348204 24.73
1428890022022641107 1428890022022185997 455110 24.82
1428890022043161393 1428890022042796643 364750 24.91
1428890022064970652 1428890022063410253 1560399 25.00
1428890022085729109 1428890022085251150 477959 25.09
1428890022107230728 1428890022106767577 463151 25.18
1428890022127847455 1428890022127474206 373249 25.27
1428890022149042074 1428890022148228099 813975 25.36
1428890022171179395 1428890022169878742 1300653 25.44
1428890022191850482 1428890022191463795 386687 25.53
1428890022212948689 1428890022212473616 475073 25.61
1428890022234681988 1428890022234199563 482425 25.70
1428890022255972023 1428890022255571037 400986 25.78
1428890022277739789 1428890022276526175 1213614 25.86
1428890022298907378 1428890022298405299 502079 25.94
1428890022321054809 1428890022320778395 276414 26.02
1428890022342397001 1428890022342055170 341831 26.10
1428890022362914362 1428890022362594555 319807 26.18
1428890022384323884 1428890022383987230 336654 26.26
1428890022405673509 1428890022405336822 336687 26.34
1428890023065915925 1428890023064687651 1228274 23.88
1428890023087383507 1428890023086150643 1232864 23.95
1428890023110388066 1428890023108470862 1917204 24.02
1428890023134149027 1428890023132209989 1939038 24.09
1428890023154805095 1428890023154442097 362998 24.17
1428890023180011812 1428890023177325811 2686001 24.23
1428890023201079332 1428890023200685786 393546 24.31
1428890023224283167 1428890023223109404 1173763 24.38
1428890023245312975 1428890023244572023 740952 24.45
1428890023267632728 1428890023265743442 1889286 24.52
1428890023288699383 1428890023288283082 416301 24.60
1428890023310729123 1428890023308994451 1734672 24.67
1428890023331584216 1428890023331097414 486802 24.74
1428890023352207249 1428890023351753483 453766 24.82
1428890023373537879 1428890023373074177 463702 24.89
1428890023395494078 1428890023394152802 1341276 24.96
1428890023416052163 1428890023415732584 319579 25.03
1428890023437247777 1428890023436883561 364216 25.11
1428890023457818207 1428890023457431699 386508 25.18
1428890023478262227 1428890023477979162 283065 25.25
1428890023499630383 1428890023498418077 1212306 25.32
1428890023521008463 1428890023520105277 903186 25.39
1428890023541457474 1428890023541185632 271842 25.46
1428890024205411005 1428890024203300101 2110904 23.44
1428890024226136073 1428890024224834345 1301728 23.51
1428890024253528983 1428890024253091009 437974 23.56
1428890024275178408 1428890024273449293 1729115 23.62
1428890024294379001 1428890024293766994 612007 23.70
1428890024314477647 1428890024313978208 499439 23.77
1428890024334571303 1428890024334195488 375815 23.84
1428890024354794481 1428890024354378828 415653 23.91
1428890024375095515 1428890024374580441 515074 23.97
1428890024396990104 1428890024394979308 2010796 24.04
1428890024415747735 1428890024415318310 429425 24.11
1428890024436003116 1428890024435535944 467172 24.18
1428890024457444380 1428890024457101519 342861 24.24
1428890024478014544 1428890024477647581 366963 24.30
1428890024501920440 1428890024501064052 856388 24.36
1428890024527085775 1428890024525449764 1636011 24.41
1428890024550108443 1428890024548044471 2063972 24.47
1428890024572405225 1428890024570601669 1803556 24.52
1428890024593912204 1428890024592665939 1246265 24.59
1428890024615813336 1428890024614221177 1592159 24.64
1428890024638011396 1428890024636262939 1748457 24.70
1428890024658747098 1428890024658316631 430467 24.76
1428890024684595907 1428890024683169034 1426873 24.81
1428890024950792624 1428890024950549333 243291 24.24
1428890024972032324 1428890024971542710 489614 24.30
1428890024993106768 1428890024992624276 482492 24.36
1428890025013389839 1428890025013122567 267272 24.43
1428890025034683653 1428890025033452290 1231363 24.48
1428890025055006264 1428890025054544491 461773 24.54
1428890025075994512 1428890025075470380 524132 24.60
1428890025097403593 1428890025097027179 376414 24.66
1428890025118006373 1428890025117629452 376921 24.72
1428890025139362434 1428890025139071958 290476 24.78
1428890025160580878 1428890025159281459 1299419 24.83
1428890025180864854 1428890025180203851 661003 24.89
1428890025201251556 1428890025200896717 354839 24.95
1428890025222186923 1428890025221551707 635216 25.01
1428890025242186075 1428890025241893029 293046 25.07
1428890025263257996 1428890025262434906 823090 25.12
1428890025283122073 1428890025282660815 461258 25.18
1428890025303405701 1428890025302888736 516965 25.24
1428890025324365654 1428890025323836991 528663 25.30
1428890025344802547 1428890025344518467 284080 25.35
1428890025365237680 1428890025364942461 295219 25.41
1428890025385879160 1428890025385429282 449878 25.46
1428890025406871097 1428890025406516107 354990 25.52
1428890026071611137 1428890026071347064 264073 23.90
1428890026092354579 1428890026091941235 413344 23.96
1428890026114770390 1428890026113421278 1349112 24.01
1428890026135638713 1428890026135236157 402556 24.06
1428890026157036306 1428890026156692496 343810 24.11
1428890026177642956 1428890026177314490 328466 24.16
1428890026199056917 1428890026198754158 302759 24.22
1428890026219538043 1428890026219398022 140021 24.27
1428890026243808871 1428890026241562450 2246421 24.31
1428890026266053350 1428890026265761265 292085 24.36
1428890026288159513 1428890026286740402 1419111 24.41
1428890026314068674 1428890026309741220 4327454 24.45
1428890026333610631 1428890026333211256 399375 24.50
1428890026354805459 1428890026353851652 953807 24.55
1428890026376154116 1428890026375103248 1050868 24.60
1428890026397766134 1428890026396391833 1374301 24.65
1428890026418454158 1428890026418032484 421674 24.70
1428890026440081213 1428890026438950241 1130972 24.75
1428890026461529676 1428890026460507133 1022543 24.80
1428890026483107395 1428890026481770963 1336432 24.85
1428890026503952546 1428890026503591409 361137 24.90
1428890026524639743 1428890026524255553 384190 24.95
1428890026545168286 1428890026544793471 374815 25.00
1428890027213163011 1428890027212252821 910190 23.58
1428890027233738682 1428890027233416127 322555 23.63
1428890027256294638 1428890027254396190 1898448 23.68
1428890027277159585 1428890027276714232 445353 23.73
1428890027298334255 1428890027297936136 398119 23.77
1428890027319696583 1428890027318755697 940886 23.82
1428890027340954054 1428890027339919404 1034650 23.87
1428890027362922345 1428890027361252834 1669511 23.91
1428890027383526392 1428890027383157354 369038 23.96
1428890027407158215 1428890027405382588 1775627 24.00
1428890027427671001 1428890027427438678 232323 24.05
1428890027448149243 1428890027447819339 329904 24.10
1428890027469646989 1428890027469205023 441966 24.14
1428890027492331232 1428890027491082557 1248675 24.19
1428890027512797702 1428890027512469479 328223 24.23
1428890027535714381 1428890027534335875 1378506 24.27
1428890027557544196 1428890027556965185 579011 24.32
1428890027579573454 1428890027578092515 1480939 24.36
1428890027600934428 1428890027599836533 1097895 24.41
1428890027623258015 1428890027622038264 1219751 24.45
1428890027645771279 1428890027643983733 1787546 24.49
1428890027667678535 1428890027667195631 482904 24.53
1428890027689149871 1428890027688084244 1065627 24.58
1428890027962417503 1428890027962081804 335699 24.15
1428890027984894089 1428890027984527402 366687 24.19
1428890028005951919 1428890028005578627 373292 24.24
1428890028028935903 1428890028028651554 284349 24.28
1428890028049476867 1428890028049178217 298650 24.32
1428890028069966922 1428890028069671387 295535 24.37
1428890028090440258 1428890028090155893 284365 24.41
1428890028110969069 1428890028110636811 332258 24.46
1428890028131465574 1428890028131167661 297913 24.50
1428890028152154654 1428890028151707859 446795 24.54
1428890028173549609 1428890028173079695 469914 24.58
1428890028194995006 1428890028194536725 458281 24.63
1428890028217406077 1428890028217024380 381697 24.67
1428890028238152832 1428890028237706025 446807 24.71
1428890028261066115 1428890028259148910 1917205 24.75
1428890028281951595 1428890028281389278 562317 24.79
1428890028303383175 1428890028302986650 396525 24.83
1428890028324204127 1428890028323913014 291113 24.87
1428890028344830497 1428890028344414510 415987 24.91
1428890028366653018 1428890028366287756 365262 24.95
1428890028387972436 1428890028386850793 1121643 24.99
1428890028408766288 1428890028408333161 433127 25.04
1428890028429961972 1428890028429589324 372648 25.08
1428890029096382178 1428890029094145136 2237042 23.88
1428890029118083661 1428890029116675852 1407809 23.92
1428890029137658521 1428890029136896166 762355 23.96
1428890029159603288 1428890029157113774 2489514 24.00
1428890029179220012 1428890029178240651 979361 24.04
1428890029200525584 1428890029198502986 2022598 24.08
1428890029220836580 1428890029218761410 2075170 24.12
1428890029240906146 1428890029239005125 1901021 24.16
1428890029263121286 1428890029259396534 3724752 24.20
1428890029282161954 1428890029279756075 2405879 24.24
1428890029301877268 1428890029299986353 1890915 24.29
1428890029324339879 1428890029321573876 2766003 24.32
1428890029343470070 1428890029341795770 1674300 24.36
1428890029364379915 1428890029361985711 2394204 24.40
1428890029386013851 1428890029382272457 3741394 24.44
1428890029406235402 1428890029402723772 3511630 24.48
1428890029423506371 1428890029423018810 487561 24.53
1428890029445145237 1428890029443860831 1284406 24.56
1428890029466932517 1428890029465396695 1535822 24.60
1428890029486128512 1428890029485635149 493363 24.64
1428890029507495399 1428890029506778222 717177 24.68
1428890029528002786 1428890029527729791 272995 24.72
1428890029555865114 1428890029554941295 923819 24.74
1428890030216820650 1428890030216620034 200616 23.67
1428890030237774624 1428890030237501031 273593 23.71
1428890030258455207 1428890030258305671 149536 23.75
1428890030279164300 1428890030278695674 468626 23.78
1428890030299710609 1428890030298865931 844678 23.82
1428890030320510868 1428890030319057054 1453814 23.86
1428890030340809709 1428890030339952690 857019 23.90
1428890030361667783 1428890030360721501 946282 23.94
1428890030381936591 1428890030380913322 1023269 23.97
1428890030402005870 1428890030401060621 945249 24.01
1428890030423989028 1428890030422400146 1588882 24.05
1428890030443247655 1428890030442651096 596559 24.09
1428890030463966682 1428890030463025714 940968 24.12
1428890030486064475 1428890030485009245 1055230 24.16
1428890030506514474 1428890030505885073 629401 24.19
1428890030527004498 1428890030525921993 1082505 24.23
1428890030548434642 1428890030546267530 2167112 24.27
1428890030567164182 1428890030566467745 696437 24.30
1428890030588685505 1428890030586778211 1907294 24.34
1428890030612974245 1428890030607353744 5620501 24.37
1428890030629319301 1428890030627555541 1763760 24.41
1428890030649752105 1428890030647974445 1777660 24.45
1428890030670377377 1428890030668439953 1937424 24.48
1428890030941024692 1428890030940768230 256462 24.16
1428890030966071549 1428890030964068511 2003038 24.19
1428890030987035519 1428890030986567809 467710 24.22
1428890031009767487 1428890031008231109 1536378 24.25
1428890031030845242 1428890031030085047 760195 24.29
1428890031051381945 1428890031051075783 306162 24.32
1428890031071908419 1428890031071568509 339910 24.36
1428890031092435060 1428890031092112769 322291 24.39
1428890031114067692 1428890031112686052 1381640 24.42
1428890031135781563 1428890031134385993 1395570 24.46
1428890031157765515 1428890031156126489 1639026 24.49
1428890031178574347 1428890031178090984 483363 24.52
1428890031199346232 1428890031198756198 590034 24.56
1428890031225170240 1428890031219969461 5200779 24.58
1428890031249201508 1428890031245563643 3637865 24.61
1428890031271039937 1428890031269547309 1492628 24.64
1428890031293372353 1428890031291405737 1966616 24.67
1428890031314905325 1428890031313681354 1223971 24.71
1428890031335494607 1428890031335151909 342698 24.74
1428890031356563605 1428890031355849093 714512 24.77
1428890031377308097 1428890031376786707 521390 24.81
1428890031399222322 1428890031397668451 1553871 24.84
1428890031421287989 1428890031419565093 1722896 24.87
1428890032081205953 1428890032080914004 291949 23.92
1428890032103412693 1428890032102340960 1071733 23.96
1428890032125149468 1428890032124696710 452758 23.99
1428890032145704392 1428890032145545748 158644 24.02
1428890032168804418 1428890032167227624 1576794 24.05
1428890032187741801 1428890032187362863 378938 24.08
1428890032208503243 1428890032208009049 494194 24.12
1428890032229216033 1428890032228755475 460558 24.15
1428890032249815914 1428890032249449986 365928 24.18
1428890032270600209 1428890032270115122 485087 24.21
1428890032292048250 1428890032290919600 1128650 24.25
1428890032314344945 1428890032312386760 1958185 24.27
1428890032335078331 1428890032334652385 425946 24.31
1428890032356710367 1428890032355563722 1146645 24.34
1428890032377545382 1428890032377209462 335920 24.37
1428890032398056804 1428890032397710887 345917 24.40
1428890032418902851 1428890032418252650 650201 24.43
1428890032439747687 1428890032439160123 587564 24.46
1428890032461089731 1428890032460703640 386091 24.49
1428890032481556126 1428890032481257216 298910 24.53
1428890032502102602 1428890032501715881 386721 24.56
1428890032522744634 1428890032522257928 486706 24.59
1428890032542913938 1428890032542423170 490768 24.62
1428890033206061312 1428890033204664966 1396346 23.75
1428890033227699197 1428890033226396421 1302776 23.78
1428890033249191897 1428890033247966228 1225669 23.81
1428890033272930651 1428890033270616255 2314396 23.83
1428890033293639183 1428890033293342310 296873 23.86
1428890033314121135 1428890033313796863 324272 23.89
1428890033334668875 1428890033334316078 352797 23.93
1428890033355152079 1428890033354850682 301397 23.96
1428890033375608745 1428890033375321911 286834 23.99
1428890033396115272 1428890033395767691 347581 24.02
1428890033416722612 1428890033416334757 387855 24.05
1428890033437116435 1428890033436863460 252975 24.08
1428890033457531754 1428890033457265336 266418 24.11
1428890033478022580 1428890033477680438 342142 24.14
1428890033498457759 1428890033498182522 275237 24.17
1428890033519524642 1428890033518866900 657742 24.20
1428890033547933312 1428890033545819498 2113814 24.22
1428890033570576824 1428890033570420067 156757 24.25
1428890033590975381 1428890033590699584 275797 24.28
1428890033611405032 1428890033611116767 288265 24.31
1428890033633364152 1428890033631669012 1695140 24.33
1428890033655061185 1428890033653738833 1322352 24.36
1428890033676938144 1428890033675390426 1547718 24.39
1428890033947933846 1428890033946850705 1083141 24.12
1428890033968384201 1428890033968105211 278990 24.15
1428890033988970337 1428890033988599106 371231 24.18
1428890034009432225 1428890034009124652 307573 24.21
1428890034029895552 1428890034029596480 299072 24.24
1428890034050606806 1428890034050470989 135817 24.27
1428890034071975853 1428890034071674077 301776 24.29
1428890034093827871 1428890034093106832 721039 24.32
1428890034115938757 1428890034114150196 1788561 24.35
1428890034141096365 1428890034137066020 4030345 24.37
1428890034157569568 1428890034157262522 307046 24.41
1428890034182478575 1428890034182140807 337768 24.43
1428890034203580178 1428890034203380222 199956 24.46
1428890034226464894 1428890034225013901 1450993 24.48
1428890034247286969 1428890034246987166 299803 24.51
1428890034269483912 1428890034267676387 1807525 24.54
1428890034291072899 1428890034290622490 450409 24.56
1428890034312375147 1428890034311969294 405853 24.59
1428890034332842413 1428890034332595399 247014 24.62
1428890034353428604 1428890034353012603 416001 24.65
1428890034375193229 1428890034374171390 1021839 24.67
1428890034397247372 1428890034395521783 1725589 24.70
1428890034418614566 1428890034415818859 2795707 24.72
1428890035084928814 1428890035083217913 1710901 23.93
1428890035105389813 1428890035105132334 257479 23.96
1428890035125767406 1428890035125534085 233321 23.99
1428890035146096353 1428890035145862776 233577 24.02
1428890035166481528 1428890035166193582 287946 24.04
1428890035186819844 1428890035186623541 196303 24.07
1428890035207941016 1428890035207716700 224316 24.10
1428890035228306609 1428890035228071733 234876 24.13
1428890035251088885 1428890035249532495 1556390 24.15
1428890035271681652 1428890035271400299 281353 24.18
1428890035292328783 1428890035291987204 341579 24.21
1428890035314853343 1428890035312949436 1903907 24.23
1428890035338012101 1428890035336086436 1925665 24.25
1428890035362932922 1428890035360164149 2768773 24.27
1428890035383582399 1428890035383251238 331161 24.30
1428890035405471459 1428890035403747967 1723492 24.33
1428890035426248094 1428890035425884402 363692 24.35
1428890035446700248 1428890035446404375 295873 24.38
1428890035467445393 1428890035466982703 462690 24.41
1428890035488784822 1428890035488068250 716572 24.43
1428890035511284128 1428890035510162323 1121805 24.46
1428890035533969123 1428890035533202942 766181 24.48
1428890035554452430 1428890035554148241 304189 24.51
1428890036219584244 1428890036219208975 375269 23.77
1428890036241151903 1428890036240691903 460000 23.79
1428890036261817386 1428890036261432281 385105 23.82
1428890036282421249 1428890036282279739 141510 23.85
1428890036302639621 1428890036302379297 260324 23.87
1428890036323452930 1428890036322909716 543214 23.90
1428890036344872057 1428890036343793931 1078126 23.92
1428890036366501919 1428890036366228414 273505 23.95
1428890036387065541 1428890036386748764 316777 23.98
1428890036407741959 1428890036407292702 449257 24.00
1428890036432544011 1428890036428084273 4459738 24.02
1428890036454695659 1428890036453025878 1669781 24.05
1428890036476291057 1428890036475049920 1241137 24.07
1428890036498142139 1428890036497554697 587442 24.09
1428890036519377080 1428890036518383445 993635 24.12
1428890036541517092 1428890036539682079 1835013 24.14
1428890036562281675 1428890036561911638 370037 24.17
1428890036582806123 1428890036582478652 327471 24.19
1428890036603414634 1428890036603008750 405884 24.22
1428890036625080295 1428890036623755196 1325099 24.24
1428890036647405604 1428890036645415642 1989962 24.27
1428890036669967886 1428890036669000028 967858 24.29
1428890036691695986 1428890036691410504 285482 24.31
1428890036963202912 1428890036962676527 526385 24.08
1428890036984165091 1428890036983560646 604445 24.11
1428890037004490648 1428890037003955930 534718 24.13
1428890037025139661 1428890037024597281 542380 24.16
1428890037046200949 1428890037045691013 509936 24.18
1428890037067027777 1428890037066500793 526984 24.21
1428890037088272726 1428890037087660270 612456 24.23
1428890037108598687 1428890037108167076 431611 24.26
1428890037131474523 1428890037130755993 718530 24.28
1428890037151846437 1428890037150954881 891556 24.30
1428890037172278871 1428890037171212002 1066869 24.33
1428890037194424665 1428890037191782191 2642474 24.35
1428890037213143361 1428890037212214103 929258 24.38
1428890037234128433 1428890037232468840 1659593 24.40
1428890037254123297 1428890037252737023 1386274 24.43
1428890037274961529 1428890037274397455 564074 24.45
1428890037295659482 1428890037295230295 429187 24.47
1428890037320377431 1428890037319962124 415307 24.49
1428890037342694033 1428890037341251126 1442907 24.52
1428890037364554038 1428890037363331443 1222595 24.54
1428890037387015865 1428890037385074543 1941322 24.56
1428890037407846796 1428890037407468660 378136 24.58
1428890037428511881 1428890037428069931 441950 24.61
1428890038089876891 1428890038089585163 291728 23.94
1428890038112318498 1428890038110215542 2102956 23.96
1428890038132719520 1428890038132492054 227466 23.98
1428890038154418017 1428890038153048542 1369475 24.00
1428890038175658886 1428890038175211264 447622 24.03
1428890038196821635 1428890038195842401 979234 24.05
1428890038217508479 1428890038217120329 388150 24.07
1428890038239592053 1428890038238858695 733358 24.10
1428890038260684045 1428890038260233297 450748 24.12
1428890038281222138 1428890038280882437 339701 24.14
1428890038301922552 1428890038301620922 301630 24.17
1428890038323740701 1428890038323462001 278700 24.19
1428890038345210714 1428890038345038288 172426 24.21
1428890038365659452 1428890038365337176 322276 24.23
1428890038387026495 1428890038385931815 1094680 24.26
1428890038410106105 1428890038408315551 1790554 24.28
1428890038430702884 1428890038430466881 236003 24.30
1428890038452449720 1428890038452001534 448186 24.32
1428890038474205363 1428890038472856547 1348816 24.34
1428890038496615978 1428890038495744968 871010 24.36
1428890038516962890 1428890038516287523 675367 24.39
1428890038537087702 1428890038536660514 427188 24.41
1428890038557922187 1428890038557497483 424704 24.43
1428890039222311234 1428890039220777251 1533983 23.80
1428890039242955308 1428890039240999957 1955351 23.82
1428890039262541001 1428890039261276500 1264501 23.84
1428890039283414571 1428890039282254079 1160492 23.87
1428890039305265668 1428890039302517995 2747673 23.89
1428890039324865735 1428890039322955077 1910658 23.91
1428890039345692526 1428890039344176681 1515845 23.93
1428890039368801783 1428890039366485809 2315974 23.95
1428890039388848511 1428890039386820553 2027958 23.98
1428890039407628590 1428890039407102027 526563 24.00
1428890039428261849 1428890039427869268 392581 24.02
1428890039448869798 1428890039448432761 437037 24.05
1428890039469385887 1428890039469110433 275454 24.07
1428890039489782189 1428890039489518949 263240 24.09
1428890039513731878 1428890039512339687 1392191 24.11
1428890039535011186 1428890039534306478 704708 24.13
1428890039556672334 1428890039556364576 307758 24.15
1428890039578060869 1428890039577295601 765268 24.17
1428890039598967366 1428890039597853233 1114133 24.19
1428890039619482417 1428890039618262605 1219812 24.22
1428890039640828311 1428890039639025262 1803049 24.24
1428890039662924425 1428890039661194681 1729744 24.26
1428890039683304209 1428890039681586831 1717378 24.28
1428890039950422266 1428890039950229823 192443 24.09
1428890039974164657 1428890039972005655 2159002 24.10
1428890039994925776 1428890039994507232 418544 24.13
1428890040016396626 1428890040015172853 1223773 24.15
1428890040036957897 1428890040036642100 315797 24.17
1428890040058382149 1428890040057238316 1143833 24.19
1428890040079161245 1428890040078699374 461871 24.21
1428890040099725806 1428890040099323228 402578 24.23
1428890040120397761 1428890040119926421 471340 24.25
1428890040141200362 1428890040140708077 492285 24.28
1428890040161877388 1428890040161413348 464040 24.30
1428890040184272770 1428890040182955366 1317404 24.32
1428890040204943721 1428890040204542906 400815 24.34
1428890040225493866 1428890040225130118 363748 24.36
1428890040246050597 1428890040245677305 373292 24.38
1428890040266605799 1428890040266232577 373222 24.40
1428890040289128012 1428890040287286301 1841711 24.42
1428890040309850082 1428890040309365340 484742 24.44
1428890040330501286 1428890040330045935 455351 24.46
1428890040352182612 1428890040350930655 1251957 24.48
1428890040376548172 1428890040376232432 315740 24.50
1428890040397128576 1428890040396805580 322996 24.52
1428890040418151432 1428890040417412489 738943 24.54
1428890041092662764 1428890041091868643 794121 23.94
1428890041112736991 1428890041112290549 446442 23.96
1428890041133137103 1428890041132519882 617221 23.98
1428890041154297392 1428890041153701146 596246 24.00
1428890041175563795 1428890041174054329 1509466 24.02
1428890041195614609 1428890041195005140 609469 24.05
1428890041216505440 1428890041215213920 1291520 24.07
1428890041240836637 1428890041235920497 4916140 24.08
1428890041258517247 1428890041256605081 1912166 24.11
1428890041280486879 1428890041278799475 1687404 24.13
1428890041300485633 1428890041300151333 334300 24.15
1428890041321753276 1428890041321472254 281022 24.17
1428890041343352899 1428890041343137086 215813 24.19
1428890041365137634 1428890041364481093 656541 24.21
1428890041388499978 1428890041387199083 1300895 24.22
1428890041409643452 1428890041408645319 998133 24.24
1428890041431326531 1428890041430257350 1069181 24.26
1428890041452493783 1428890041451868140 625643 24.28
1428890041474748093 1428890041473267648 1480445 24.30
1428890041496397652 1428890041496163743 233909 24.32
1428890041520767108 1428890041518330815 2436293 24.34
1428890041541940721 1428890041541552155 388566 24.36
1428890041562451243 1428890041562120066 331177 24.38
1428890042234699024 1428890042234417202 281822 23.81
1428890042257150406 1428890042255464210 1686196 23.83
1428890042279856417 1428890042277564478 2291939 23.85
1428890042300567142 1428890042300192997 374145 23.87
1428890042321117529 1428890042320751948 365581 23.89
1428890042341775624 1428890042341345706 429918 23.91
1428890042362967196 1428890042362596560 370636 23.93
1428890042383640365 1428890042383179264 461101 23.95
1428890042404289503 1428890042403821507 467996 23.96
1428890042424872014 1428890042424433314 438700 23.98
1428890042445227654 1428890042445088028 139626 24.00
1428890042470279979 1428890042470097331 182648 24.02
1428890042491574768 1428890042490919411 655357 24.04
1428890042511614678 1428890042511116401 498277 24.06
1428890042531865505 1428890042531262198 603307 24.08
1428890042554092339 1428890042551585593 2506746 24.10
1428890042572460576 1428890042571863225 597351 24.12
1428890042594733926 1428890042592180624 2553302 24.14
1428890042614300361 1428890042612467213 1833148 24.16
1428890042636749478 1428890042635129499 1619979 24.18
1428890042657386492 1428890042657052769 333723 24.19
1428890042680840130 1428890042679971893 868237 24.21
1428890042702634492 1428890042702291220 343272 24.23
1428890042972033851 1428890042971694233 339618 24.06
1428890042993111964 1428890042992697553 414411 24.08
1428890043015487094 1428890043013455618 2031476 24.09
1428890043036262926 1428890043035830711 432215 24.11
1428890043057033137 1428890043056645627 387510 24.13
1428890043079204393 1428890043077384875 1819518 24.15
1428890043100964640 1428890043099611022 1353618 24.17
1428890043121538441 1428890043121229145 309296 24.19
1428890043142130336 1428890043141730591 399745 24.20
1428890043162617596 1428890043162323182 294414 24.22
1428890043183239650 1428890043182812504 427146 24.24
1428890043204956516 1428890043203446601 1509915 24.26
1428890043225651232 1428890043225205892 445340 24.28
1428890043247395990 1428890043246989508 406482 24.30
1428890043268299317 1428890043267662151 637166 24.32
1428890043289383888 1428890043288792729 591159 24.33
1428890043312930315 1428890043309710374 3219941 24.35
1428890043333649870 1428890043333196339 453531 24.37
1428890043355654519 1428890043354849892 804627 24.39
1428890043378090830 1428890043377551737 539093 24.40
1428890043399742795 1428890043398350733 1392062 24.42
1428890043421918636 1428890043420101359 1817277 24.44
1428890043443320567 1428890043442326205 994362 24.46
1428890044111246573 1428890044110863194 383379 23.93
1428890044133355910 1428890044132612170 743740 23.95
1428890044155041389 1428890044154568746 472643 23.97
1428890044178145168 1428890044177045521 1099647 23.98
1428890044199172847 1428890044198766858 405989 24.00
1428890044221867480 1428890044219348763 2518717 24.02
1428890044245271490 1428890044239991305 5280185 24.03
1428890044261881582 1428890044260987442 894140 24.06
1428890044286281453 1428890044282339863 3941590 24.07
1428890044304755651 1428890044302651750 2103901 24.09
1428890044324073975 1428890044322841143 1232832 24.11
1428890044345167874 1428890044343174756 1993118 24.13
1428890044365443108 1428890044363445719 1997389 24.15
1428890044384507801 1428890044383659166 848635 24.17
1428890044405845298 1428890044403872111 1973187 24.18
1428890044426056432 1428890044424151788 1904644 24.20
1428890044446473486 1428890044444383216 2090270 24.22
1428890044465416674 1428890044465059104 357570 24.24
1428890044487049615 1428890044486725367 324248 24.26
1428890044509668211 1428890044508279569 1388642 24.27
1428890044531701751 1428890044531410583 291168 24.29
1428890044552216813 1428890044551920085 296728 24.31
1428890044573709273 1428890044573330581 378692 24.33
1428890045253214434 1428890045251836126 1378308 23.81
1428890045276374173 1428890045274003841 2370332 23.83
1428890045296756285 1428890045296506589 249696 23.85
1428890045318016673 1428890045317767342 249331 23.87
1428890045338759219 1428890045338355733 403486 23.88
1428890045360105241 1428890045359065440 1039801 23.90
1428890045380566269 1428890045380330329 235940 23.92
1428890045400964779 1428890045400713089 251690 23.94
1428890045421328678 1428890045421096036 232642 23.95
1428890045445490066 1428890045445230302 259764 23.97
1428890045466957033 1428890045466691253 265780 23.99
1428890045487346872 1428890045487088055 258817 24.00
1428890045507787724 1428890045507481307 306417 24.02
1428890045528269853 1428890045527973713 296140 24.04
1428890045549889821 1428890045549556268 333553 24.06
1428890045571316408 1428890045570972989 343419 24.07
1428890045593527460 1428890045593234284 293176 24.09
1428890045614743649 1428890045614407745 335904 24.11
1428890045637368438 1428890045636973666 394772 24.12
1428890045657975295 1428890045657685927 289368 24.14
1428890045679768818 1428890045678430203 1338615 24.16
1428890045701767557 1428890045700139777 1627780 24.17
1428890045723574760 1428890045722043942 1530818 24.19
1428890045983856060 1428890045979872855 3983205 24.04
1428890046000676062 1428890046000246234 429828 24.06
1428890046022063636 1428890046021578110 485526 24.08
1428890046043951264 1428890046042533955 1417309 24.09
1428890046068850242 1428890046066873489 1976753 24.11
1428890046091578540 1428890046089286019 2292521 24.12
1428890046114194345 1428890046112154171 2040174 24.14
1428890046136569360 1428890046134753218 1816142 24.15
1428890046157301446 1428890046156970189 331257 24.17
1428890046177827282 1428890046177486710 340572 24.19
1428890046204281517 1428890046203385407 896110 24.20
1428890046226267072 1428890046225950541 316531 24.22
1428890046247999877 1428890046246277648 1722229 24.23
1428890046267428083 1428890046266909667 518416 24.25
1428890046287722935 1428890046287324940 397995 24.27
1428890046307887968 1428890046307447354 440614 24.29
1428890046329162778 1428890046328361687 801091 24.30
1428890046349295307 1428890046348712936 582371 24.32
1428890046369488256 1428890046369221000 267256 24.34
1428890046389631535 1428890046389374469 257066 24.35
1428890046411022158 1428890046409574776 1447382 24.37
1428890046435829644 1428890046430074488 5755156 24.38
1428890046450816686 1428890046450411476 405210 24.40
1428890047108982423 1428890047108648892 333531 23.94
1428890047129133308 1428890047128780034 353274 23.96
1428890047149555916 1428890047149216263 339653 23.97
1428890047170321176 1428890047169614302 706874 23.99
1428890047193623518 1428890047191395330 2228188 24.01
1428890047218110982 1428890047212993880 5117102 24.02
1428890047233774140 1428890047233179804 594336 24.04
1428890047255815312 1428890047255221175 594137 24.05
1428890047275851596 1428890047275349765 501831 24.07
1428890047296245926 1428890047295858756 387170 24.09
1428890047317756392 1428890047317380856 375536 24.10
1428890047340623966 1428890047340103511 520455 24.12
1428890047364487720 1428890047362194414 2293306 24.13
1428890047382876515 1428890047382647536 228979 24.15
1428890047403949570 1428890047403656728 292842 24.17
1428890047424395533 1428890047424103313 292220 24.18
1428890047445129062 1428890047444531926 597136 24.20
1428890047467224297 1428890047464860403 2363894 24.22
1428890047485746142 1428890047484992956 753186 24.23
1428890047506923778 1428890047505279814 1643964 24.25
1428890047529452549 1428890047525704172 3748377 24.26
1428890047547789769 1428890047545991573 1798196 24.28
1428890047568044031 1428890047566241297 1802734 24.30
1428890048227092377 1428890048226881394 210983 23.85
1428890048252877136 1428890048251440947 1436189 23.86
1428890048273502293 1428890048273094872 407421 23.88
1428890048296553616 1428890048295084673 1468943 23.89
1428890048322250650 1428890048321045983 1204667 23.91
1428890048343211499 1428890048342568159 643340 23.92
1428890048363872832 1428890048363486422 386410 23.94
1428890048384594197 1428890048384098174 496023 23.95
1428890048406487032 1428890048404799037 1687995 23.97
1428890048427259000 1428890048426814042 444958 23.99
1428890048450322001 1428890048449102044 1219957 24.00
1428890048471097869 1428890048470605618 492251 24.02
1428890048492248799 1428890048491743316 505483 24.03
1428890048512872626 1428890048512457497 415129 24.05
1428890048534057570 1428890048533750985 306585 24.06
1428890048555627842 1428890048555050019 577823 24.08
1428890048576880724 1428890048575877535 1003189 24.09
1428890048598137110 1428890048597143947 993163 24.11
1428890048618731432 1428890048618354376 377056 24.12
1428890048639346182 1428890048638968895 377287 24.14
1428890048660258497 1428890048659894512 363985 24.16
1428890048681228261 1428890048680927229 301032 24.17
1428890048702002469 1428890048701486271 516198 24.19
1428890048957359136 1428890048956998631 360505 24.06
1428890048980021721 1428890048978958215 1063506 24.07
1428890049003719641 1428890049001598149 2121492 24.08
1428890049024727204 1428890049024087160 640044 24.10
1428890049045267180 1428890049044888772 378408 24.12
1428890049065840643 1428890049065480660 359983 24.13
1428890049086454056 1428890049086059887 394169 24.15
1428890049108306658 1428890049106769329 1537329 24.16
1428890049129923565 1428890049129441352 482213 24.18
1428890049151781140 1428890049150987221 793919 24.19
1428890049172860938 1428890049172122744 738194 24.21
1428890049194563736 1428890049194080941 482795 24.22
1428890049215282002 1428890049214844795 437207 24.24
1428890049235866699 1428890049235495104 371595 24.25
1428890049258450631 1428890049256311188 2139443 24.27
1428890049282973231 1428890049276942981 6030250 24.28
1428890049297727888 1428890049297077586 650302 24.30
1428890049321685038 1428890049317362530 4322508 24.31
1428890049341310887 1428890049337721475 3589412 24.33
1428890049360121815 1428890049358057100 2064715 24.34
1428890049382347740 1428890049378369761 3977979 24.36
1428890049400360004 1428890049398641480 1718524 24.37
1428890049422210384 1428890049418920268 3290116 24.39
1428890050093584191 1428890050093223253 360938 23.96
1428890050116965525 1428890050115347363 1618162 23.97
1428890050138619527 1428890050138002976 616551 23.98
1428890050160097780 1428890050158924304 1173476 24.00
1428890050182071714 1428890050180507309 1564405 24.01
1428890050203461935 1428890050203096287 365648 24.03
1428890050225065709 1428890050224220520 845189 24.04
1428890050245708607 1428890050245383163 325444 24.06
1428890050268282389 1428890050267315710 966679 24.07
1428890050291179582 1428890050289309737 1869845 24.08
1428890050312428154 1428890050312025191 402963 24.10
1428890050332956145 1428890050332595949 360196 24.11
1428890050353664816 1428890050353153123 511693 24.13
1428890050374264719 1428890050373915274 349445 24.14
1428890050394862840 1428890050394448817 414023 24.16
1428890050415474969 1428890050415044507 430462 24.17
1428890050436482824 1428890050436089297 393527 24.19
1428890050457121101 1428890050456671282 449819 24.20
1428890050480041261 1428890050478647268 1393993 24.22
1428890050503924499 1428890050502107505 1816994 24.23
1428890050527800480 1428890050526312960 1487520 24.24
1428890050548439125 1428890050548044891 394234 24.26
1428890050569908006 1428890050568662603 1245403 24.27
1428890051232490935 1428890051232269092 221843 23.86
1428890051252899475 1428890051252640439 259036 23.88
1428890051276410107 1428890051274777457 1632650 23.89
1428890051296924581 1428890051296665989 258592 23.90
1428890051320178057 1428890051319789257 388800 23.92
1428890051341399165 1428890051340985585 413580 23.93
1428890051362409087 1428890051362120047 289040 23.95
1428890051383415279 1428890051383246674 168605 23.96
1428890051409142827 1428890051408924645 218182 23.97
1428890051433135570 1428890051433023898 111672 23.98
1428890051453883504 1428890051453682776 200728 24.00
1428890051474430880 1428890051474236769 194111 24.01
1428890051494878018 1428890051494668871 209147 24.03
1428890051516255281 1428890051516057737 197544 24.04
1428890051540619351 1428890051540392802 226549 24.05
1428890051561584913 1428890051560951549 633364 24.07
1428890051582248800 1428890051581580044 668756 24.08
1428890051603144939 1428890051601792189 1352750 24.10
1428890051622852506 1428890051622064866 787640 24.11
1428890051643611398 1428890051642872351 739047 24.13
1428890051664669332 1428890051663027292 1642040 24.14
1428890051683902755 1428890051683297154 605601 24.15
1428890051704173973 1428890051703595163 578810 24.17
1428890051972406097 1428890051971094177 1311920 24.04
1428890051992980012 1428890051992758691 221321 24.06
1428890052013310577 1428890052013091141 219436 24.07
1428890052033659312 1428890052033448636 210676 24.09
1428890052055071581 1428890052054774602 296979 24.10
1428890052076444247 1428890052076119467 324780 24.11
1428890052097063215 1428890052096842326 220889 24.13
1428890052122288989 1428890052120655963 1633026 24.14
1428890052143771467 1428890052142634457 1137010 24.15
1428890052164651269 1428890052164077182 574087 24.17
1428890052187311046 1428890052185615761 1695285 24.18
1428890052207788650 1428890052207549846 238804 24.19
1428890052228132468 1428890052227887147 245321 24.21
1428890052248551893 1428890052248267572 284321 24.22
1428890052268976583 1428890052268711712 264871 24.24
1428890052289392339 1428890052289104017 288322 24.25
1428890052310955344 1428890052310552285 403059 24.26
1428890052332266347 1428890052331886433 379914 24.28
1428890052353674222 1428890052352502051 1172171 24.29
1428890052378444031 1428890052376350866 2093165 24.30
1428890052402193029 1428890052400638392 1554637 24.31
1428890052423107738 1428890052422531457 576281 24.33
1428890052443778267 1428890052443323171 455096 24.34
1428890053115509426 1428890053114780653 728773 23.97
1428890053137190146 1428890053135821067 1369079 23.99
1428890053159091272 1428890053157623272 1468000 24.00
1428890053180083812 1428890053179449738 634074 24.01
1428890053201575799 1428890053201154532 421267 24.03
1428890053222230584 1428890053221975884 254700 24.04
1428890053242679347 1428890053242388996 290351 24.05
1428890053264009227 1428890053262948794 1060433 24.07
1428890053284989148 1428890053284310862 678286 24.08
1428890053305737929 1428890053305264678 473251 24.09
1428890053326349556 1428890053325914041 435515 24.11
1428890053347604312 1428890053347017925 586387 24.12
1428890053369414863 1428890053368746518 668345 24.14
1428890053390203378 1428890053389739517 463861 24.15
1428890053412923183 1428890053411131218 1791965 24.16
1428890053434911852 1428890053433209960 1701892 24.17
1428890053457217197 1428890053456318874 898323 24.19
1428890053480266493 1428890053479908156 358337 24.20
1428890053501826887 1428890053500519341 1307546 24.21
1428890053523870941 1428890053521894272 1976669 24.22
1428890053545623576 1428890053545216145 407431 24.24
1428890053567214050 1428890053565867536 1346514 24.25
1428890053588253609 1428890053587553275 700334 24.26
1428890054261337934 1428890054261014741 323193 23.88
1428890054283440211 1428890054282948293 491918 23.89
1428890054309480333 1428890054304499250 4981083 23.90
1428890054325745748 1428890054324666882 1078866 23.92
1428890054345138870 1428890054344819229 319641 23.93
1428890054366295405 1428890054365628842 666563 23.95
1428890054387726301 1428890054385813657 1912644 23.96
1428890054407307366 1428890054405963167 1344199 23.97
1428890054432405664 1428890054426344711 6060953 23.98
1428890054449863567 1428890054447030146 2833421 24.00
1428890054469439285 1428890054467326529 2112756 24.01
1428890054489588965 1428890054487614231 1974734 24.03
1428890054509499926 1428890054507823639 1676287 24.04
1428890054528909869 1428890054528037974 871895 24.06
1428890054549140869 1428890054548332337 808532 24.07
1428890054569453135 1428890054568574930 878205 24.08
1428890054591351306 1428890054589009053 2342253 24.10
1428890054611229154 1428890054609356123 1873031 24.11
1428890054632686370 1428890054631718523 967847 24.12
1428890054656336758 1428890054654152431 2184327 24.13
1428890054678673609 1428890054677417808 1255801 24.15
1428890054700458156 1428890054699015686 1442470 24.16
1428890054721589429 1428890054720834583 754846 24.17
1428890054988676648 1428890054988212680 463968 24.05
1428890055010204201 1428890055009788802 415399 24.07
1428890055032854297 1428890055031296145 1558152 24.08
1428890055054016102 1428890055053649779 366323 24.09
1428890055074757095 1428890055074262733 494362 24.10
1428890055098361444 1428890055096980677 1380767 24.12
1428890055119673551 1428890055118745507 928044 24.13
1428890055142963977 1428890055141303064 1660913 24.14
1428890055163746251 1428890055163274185 472066 24.15
1428890055184405284 1428890055183912783 492501 24.17
1428890055205050744 1428890055204626966 423778 24.18
1428890055226273705 1428890055226021509 252196 24.19
1428890055253702347 1428890055253399129 303218 24.20
1428890055277102172 1428890055275620304 1481868 24.21
1428890055299382073 1428890055298069694 1312379 24.22
1428890055322060493 1428890055321713276 347217 24.24
1428890055343008965 1428890055342707443 301522 24.25
1428890055368693076 1428890055368146143 546933 24.26
1428890055392489326 1428890055391391885 1097441 24.27
1428890055415493174 1428890055413718020 1775154 24.28
1428890055439920798 1428890055439101442 819356 24.29
1428890055464776346 1428890055463004206 1772140 24.30
1428890055487939259 1428890055486329946 1609313 24.31
1428890056151190905 1428890056151017895 173010 23.95
1428890056172127920 1428890056171886607 241313 23.97
1428890056192556152 1428890056192242731 313421 23.98
1428890056213122837 1428890056212865933 256904 23.99
1428890056233514846 1428890056233252785 262061 24.01
1428890056256058821 1428890056255325533 733288 24.02
1428890056277463485 1428890056277046461 417024 24.03
1428890056299633486 1428890056299081217 552269 24.04
1428890056321938127 1428890056321404885 533242 24.05
1428890056343516019 1428890056343068977 447042 24.06
1428890056366615818 1428890056365806532 809286 24.08
1428890056387337741 1428890056386907370 430371 24.09
1428890056408695441 1428890056408090873 604568 24.10
1428890056432444829 1428890056431839685 605144 24.11
1428890056453305527 1428890056453096164 209363 24.12
1428890056475039186 1428890056474483068 556118 24.14
1428890056497843229 1428890056496280584 1562645 24.15
1428890056521000092 1428890056520650147 349945 24.16
1428890056541928573 1428890056541242921 685652 24.17
1428890056568327380 1428890056566378902 1948478 24.18
1428890056592049665 1428890056588799898 3249767 24.19
1428890056614025250 1428890056612601896 1423354 24.20
1428890056636514807 1428890056634469579 2045228 24.21
1428890056891058032 1428890056890943658 114374 24.11
1428890056911870738 1428890056911242614 628124 24.12
1428890056933049673 1428890056932820449 229224 24.13
1428890056953811797 1428890056953271221 540576 24.15
1428890056975020775 1428890056974534045 486730 24.16
1428890056996221089 1428890056995675040 546049 24.17
1428890057016393437 1428890057016018370 375067 24.18
1428890057037439257 1428890057036920395 518862 24.20
1428890057057793926 1428890057057264527 529399 24.21
1428890057084360072 1428890057077766944 6593128 24.22
1428890057099136421 1428890057098688312 448109 24.23
1428890057119582717 1428890057119161683 421034 24.25
1428890057140016900 1428890057139407511 609389 24.26
1428890057161425967 1428890057160827868 598099 24.27
1428890057182169795 1428890057181695607 474188 24.28
1428890057202614732 1428890057202134679 480053 24.30
1428890057223336887 1428890057222810937 525950 24.31
1428890057244358150 1428890057243007715 1350435 24.32
1428890057265004135 1428890057264072293 931842 24.33
1428890057284757248 1428890057284160163 597085 24.35
1428890057305371078 1428890057304865868 505210 24.36
1428890057325528698 1428890057324982830 545868 24.37
1428890057345437716 1428890057345111487 326229 24.38
1428890058008007111 1428890058007404757 602354 24.04
1428890058031344819 1428890058029020711 2324108 24.05
1428890058051259320 1428890058050745725 513595 24.06
1428890058071841609 1428890058071474399 367210 24.07
1428890058094852588 1428890058093474096 1378492 24.09
1428890058115740282 1428890058115298948 441334 24.10
1428890058138526335 1428890058136723299 1803036 24.11
1428890058160745811 1428890058158970906 1774905 24.12
1428890058191512476 1428890058191301920 210556 24.13
1428890058212329136 1428890058211699936 629200 24.14
1428890058232482241 1428890058231912223 570018 24.15
1428890058254020752 1428890058252452328 1568424 24.16
1428890058273428324 1428890058272761342 666982 24.17
1428890058294886099 1428890058293048176 1837923 24.19
1428890058314089454 1428890058313304450 785004 24.20
1428890058334781039 1428890058334361295 419744 24.21
1428890058355984248 1428890058355296601 687647 24.22
1428890058376578780 1428890058375714799 863981 24.23
1428890058397549044 1428890058396946080 602964 24.25
1428890058421091235 1428890058418769586 2321649 24.26
1428890058442623614 1428890058442238301 385313 24.27
1428890058464757000 1428890058462871215 1885785 24.28
1428890058486498521 1428890058485179542 1318979 24.29
1428890059148176758 1428890059146664357 1512401 23.96
1428890059170954282 1428890059169270916 1683366 23.97
1428890059193465770 1428890059192832459 633311 23.98
1428890059215280433 1428890059214801927 478506 23.99
1428890059236974771 1428890059235511443 1463328 24.00
1428890059257060054 1428890059256569979 490075 24.01
1428890059277866792 1428890059277648834 217958 24.03
1428890059298459515 1428890059298032225 427290 24.04
1428890059318844228 1428890059318619132 225096 24.05
1428890059341052780 1428890059339237969 1814811 24.06
1428890059363971329 1428890059360601313 3370016 24.07
1428890059381230091 1428890059380771798 458293 24.09
1428890059401214096 1428890059400862485 351611 24.10
1428890059421395192 1428890059420986206 408986 24.11
1428890059443535504 1428890059441223496 2312008 24.12
1428890059463757441 1428890059462494699 1262742 24.13
1428890059483741105 1428890059483166318 574787 24.15
1428890059503964713 1428890059503581437 383276 24.16
1428890059524613084 1428890059523806780 806304 24.17
1428890059545932769 1428890059543936377 1996392 24.18
1428890059565091396 1428890059564561948 529448 24.19
1428890059585244569 1428890059584782142 462427 24.20
1428890059605936441 1428890059605483082 453359 24.22
1428890060265201044 1428890060264911509 289535 23.89
1428890060287507158 1428890060287022218 484940 23.91
1428890060312494624 1428890060309613825 2880799 23.91
1428890060333046488 1428890060332730569 315919 23.93
1428890060353618548 1428890060353254487 364061 23.94
1428890060374247332 1428890060373791846 455486 23.95
1428890060394787135 1428890060394438404 348731 23.96
1428890060417773316 1428890060415192428 2580888 23.97
1428890060439916735 1428890060438183401 1733334 23.98
1428890060463645403 1428890060461554677 2090726 23.99
1428890060489545726 1428890060488623960 921766 24.00
1428890060510820484 1428890060510324282 496202 24.01
1428890060531220571 1428890060530819367 401204 24.02
1428890060551358817 1428890060550954727 404090 24.04
1428890060571588753 1428890060571103300 485453 24.05
1428890060594029276 1428890060591975441 2053835 24.06
1428890060612905259 1428890060612269189 636070 24.07
1428890060635576512 1428890060633192629 2383883 24.08
1428890060659170915 1428890060653672303 5498612 24.09
1428890060677743407 1428890060674040215 3703192 24.10
1428890060694649247 1428890060694349003 300244 24.12
1428890060715022760 1428890060714786133 236627 24.13
1428890060735412792 1428890060735156214 256578 24.14
1428890060990227310 1428890060989802377 424933 24.05
1428890061012238487 1428890061010089672 2148815 24.06
1428890061031820235 1428890061030959139 861096 24.07
1428890061051702238 1428890061051241246 460992 24.08
1428890061073431182 1428890061072878564 552618 24.09
1428890061095181445 1428890061093803595 1377850 24.10
1428890061117034445 1428890061115482235 1552210 24.11
1428890061138388800 1428890061137915571 473229 24.12
1428890061159979107 1428890061158643348 1335759 24.13
1428890061182012362 1428890061180330769 1681593 24.15
1428890061203671650 1428890061203266946 404704 24.16
1428890061225046274 1428890061223882629 1163645 24.17
1428890061245733150 1428890061245261721 471429 24.18
1428890061269080169 1428890061267444342 1635827 24.19
1428890061296383766 1428890061295925935 457831 24.20
1428890061318103706 1428890061317909385 194321 24.21
1428890061340585758 1428890061339765152 820606 24.22
1428890061361138588 1428890061360070166 1068422 24.23
1428890061383151232 1428890061382273195 878037 24.24
1428890061403965790 1428890061403738226 227564 24.25
1428890061427041895 1428890061425471116 1570779 24.26
1428890061447640574 1428890061447425416 215158 24.27
1428890061469344033 1428890061469179183 164850 24.28
1428890062138326898 1428890062136882771 1444127 23.97
1428890062161118009 1428890062158784329 2333680 23.98
1428890062184615283 1428890062182876126 1739157 23.99
1428890062209036428 1428890062207132808 1903620 24.00
1428890062230463256 1428890062229912005 551251 24.01
1428890062252747101 1428890062250783826 1963275 24.02
1428890062275444528 1428890062273324465 2120063 24.03
1428890062296386952 1428890062295936178 450774 24.04
1428890062324170950 1428890062321819091 2351859 24.04
1428890062344940614 1428890062344578948 361666 24.06
1428890062365459578 1428890062365116126 343452 24.07
1428890062385997474 1428890062385653203 344271 24.08
1428890062407844684 1428890062406204379 1640305 24.09
1428890062427374182 1428890062426492988 881194 24.10
1428890062448350322 1428890062446760925 1589397 24.11
1428890062469792251 1428890062468932313 859938 24.12
1428890062490739139 1428890062489182501 1556638 24.13
1428890062510058990 1428890062509309735 749255 24.14
1428890062530477226 1428890062529596364 880862 24.15
1428890062551585119 1428890062549953992 1631127 24.17
1428890062572163648 1428890062570307029 1856619 24.18
1428890062591049721 1428890062590616107 433614 24.19
1428890062612471216 1428890062612009383 461833 24.20
1428890063277097455 1428890063275962941 1134514 23.90
1428890063300493466 1428890063300315019 178447 23.91
1428890063325774119 1428890063324702010 1072109 23.91
1428890063350488270 1428890063350161959 326311 23.92
1428890063372286618 1428890063371400113 886505 23.93
1428890063392849692 1428890063392600116 249576 23.94
1428890063413473355 1428890063413048304 425051 23.95
1428890063435033293 1428890063434145340 887953 23.96
1428890063456524729 1428890063456129540 395189 23.98
1428890063479435916 1428890063477969783 1466133 23.98
1428890063506086027 1428890063505873362 212665 23.99
1428890063527324730 1428890063527109093 215637 24.00
1428890063547696140 1428890063547475501 220639 24.01
1428890063569118883 1428890063568677324 441559 24.02
1428890063590728668 1428890063590332643 396025 24.03
1428890063613392516 1428890063611946886 1445630 24.04
1428890063634491957 1428890063633936042 555915 24.05
1428890063657882815 1428890063656224382 1658433 24.06
1428890063682903639 1428890063681159959 1743680 24.07
1428890063704584444 1428890063704233639 350805 24.08
1428890063725184630 1428890063724776303 408327 24.09
1428890063747061530 1428890063746259085 802445 24.10
1428890063769441015 1428890063768000267 1440748 24.11
1428890064045246848 1428890064043780817 1466031 24.02
1428890064067581944 1428890064065664168 1917776 24.02
1428890064088505333 1428890064088019358 485975 24.04
1428890064109189433 1428890064108751435 437998 24.05
1428890064130649889 1428890064129425738 1224151 24.06
1428890064152154556 1428890064151105837 1048719 24.07
1428890064174174070 1428890064172559731 1614339 24.08
1428890064196757226 1428890064194639419 2117807 24.09
1428890064217420504 1428890064217105240 315264 24.10
1428890064237987798 1428890064237612314 375484 24.11
1428890064258430802 1428890064258168443 262359 24.12
1428890064278906799 1428890064278595690 311109 24.13
1428890064299453531 1428890064299099589 353942 24.14
1428890064319895775 1428890064319624955 270820 24.15
1428890064341669461 1428890064340131103 1538358 24.16
1428890064363101317 1428890064362010132 1091185 24.17
1428890064385884729 1428890064383918984 1965745 24.18
1428890064407451215 1428890064404588121 2863094 24.19
1428890064427153444 1428890064425045292 2108152 24.20
1428890064448302296 1428890064446016996 2285300 24.21
1428890064467077020 1428890064466421493 655527 24.22
1428890064487118763 1428890064486637655 481108 24.23
1428890064507230424 1428890064506794272 436152 24.24
1428890065169723418 1428890065168974864 748554 23.95
1428890065192530316 1428890065190824351 1705965 23.96
1428890065213878982 1428890065212995263 883719 23.97
1428890065237216162 1428890065235589611 1626551 23.98
1428890065258000714 1428890065257491779 508935 23.99
1428890065280120056 1428890065278408709 1711347 24.00
1428890065301173145 1428890065300667299 505846 24.01
1428890065322380471 1428890065321959089 421382 24.02
1428890065345588793 1428890065343223637 2365156 24.03
1428890065366402336 1428890065365947467 454869 24.04
1428890065387971684 1428890065387471167 500517 24.05
1428890065410802863 1428890065409212814 1590049 24.06
1428890065433813151 1428890065433436756 376395 24.07
1428890065455867828 1428890065455497276 370552 24.08
1428890065477405270 1428890065476853122 552148 24.09
1428890065498129886 1428890065497907034 222852 24.10
1428890065519587005 1428890065519354857 232148 24.11
1428890065540071682 1428890065539767066 304616 24.12
1428890065567973689 1428890065567112479 861210 24.13
1428890065591497816 1428890065589646335 1851481 24.14
1428890065612148925 1428890065611870844 278081 24.15
1428890065632536543 1428890065632335251 201292 24.16
1428890065653209792 1428890065652905370 304422 24.17
1428890065923240578 1428890065922483033 757545 24.07
1428890065952513871 1428890065950467932 2045939 24.08
1428890065976547182 1428890065975782007 765175 24.09
1428890065998359383 1428890065997521183 838200 24.10
1428890066018611431 1428890066017884863 726568 24.11
1428890066041661156 1428890066038137398 3523758 24.12
1428890066060182538 1428890066058502063 1680475 24.13
1428890066079410117 1428890066078939473 470644 24.14
1428890066101715758 1428890066100958804 756954 24.15
1428890066122317557 1428890066122002321 315236 24.16
1428890066143526549 1428890066142609712 916837 24.17
1428890066165513133 1428890066163955388 1557745 24.18
1428890066187344639 1428890066186455760 888879 24.19
1428890066207982036 1428890066207655377 326659 24.20
1428890066228516236 1428890066228153326 362910 24.21
1428890066249455507 1428890066249122826 332681 24.22
1428890066273362903 1428890066271848313 1514590 24.23
1428890066294960735 1428890066293849499 1111236 24.24
1428890066315675040 1428890066315205691 469349 24.25
1428890066336382698 1428890066336084354 298344 24.26
1428890066361222754 1428890066359687196 1535558 24.27
1428890066384581990 1428890066384235386 346604 24.27
1428890066413102870 1428890066406190653 6912217 24.28
1428890067079518528 1428890067079174044 344484 24.00
1428890067099814773 1428890067099487330 327443 24.01
1428890067120018032 1428890067119609642 408390 24.02
1428890067141850664 1428890067139818656 2032008 24.03
1428890067162226235 1428890067161026209 1200026 24.04
1428890067182500505 1428890067181965710 534795 24.05
1428890067202778156 1428890067202323512 454644 24.06
1428890067223039273 1428890067222544251 495022 24.07
1428890067243345675 1428890067242774296 571379 24.08
1428890067263501098 1428890067262977488 523610 24.09
1428890067283676180 1428890067283103850 572330 24.10
1428890067304257627 1428890067303828309 429318 24.11
1428890067324682553 1428890067324060143 622410 24.12
1428890067345620157 1428890067344237033 1383124 24.13
1428890067365293768 1428890067364541284 752484 24.14
1428890067387206663 1428890067384968886 2237777 24.15
1428890067406067019 1428890067405220707 846312 24.16
1428890067426174646 1428890067425429529 745117 24.17
1428890067448136415 1428890067445852651 2283764 24.18
1428890067467261335 1428890067466952618 308717 24.19
1428890067488870596 1428890067488706901 163695 24.20
1428890067510657675 1428890067510478694 178981 24.21
1428890067534454765 1428890067534279778 174987 24.22
1428890068204991494 1428890068204180707 810787 23.94
1428890068228116267 1428890068224346173 3770094 23.95
1428890068245034799 1428890068244463818 570981 23.96
1428890068265259047 1428890068264631611 627436 23.97
1428890068285413863 1428890068284859410 554453 23.98
1428890068305592438 1428890068305021992 570446 23.99
1428890068326268582 1428890068325585456 683126 24.00
1428890068350413402 1428890068345981312 4432090 24.01
1428890068370389439 1428890068369696773 692666 24.02
1428890068391178814 1428890068390700564 478250 24.03
1428890068412680312 1428890068412073178 607134 24.04
1428890068434292135 1428890068433916988 375147 24.05
1428890068455830261 1428890068455490534 339727 24.06
1428890068476509125 1428890068476221442 287683 24.07
1428890068498091696 1428890068497589458 502238 24.07
1428890068518730831 1428890068518320528 410303 24.08
1428890068539703589 1428890068539265849 437740 24.09
1428890068561839881 1428890068561350058 489823 24.10
1428890068582427414 1428890068582051607 375807 24.11
1428890068606164775 1428890068602764305 3400470 24.12
1428890068627288552 1428890068626489743 798809 24.13
1428890068648127343 1428890068647633876 493467 24.14
1428890068669431760 1428890068668810202 621558 24.15
1428890068936670299 1428890068936162413 507886 24.06
1428890068958447382 1428890068957955289 492093 24.07
1428890068980232241 1428890068978850687 1381554 24.08
1428890069001209552 1428890069000561148 648404 24.09
1428890069022253635 1428890069021610241 643394 24.10
1428890069043719577 1428890069042729799 989778 24.11
1428890069066391324 1428890069065131471 1259853 24.12
1428890069087133306 1428890069086740993 392313 24.13
1428890069107742620 1428890069107340178 402442 24.14
1428890069129641191 1428890069127985455 1655736 24.15
1428890069150102389 1428890069149868318 234071 24.16
1428890069171599931 1428890069171147227 452704 24.17
1428890069192433666 1428890069191834465 599201 24.18
1428890069214368223 1428890069212728411 1639812 24.18
1428890069236122754 1428890069234846133 1276621 24.19
1428890069258793846 1428890069256567913 2225933 24.20
1428890069282306094 1428890069280211455 2094639 24.21
1428890069303078166 1428890069302663758 414408 24.22
1428890069323609078 1428890069323274338 334740 24.23
1428890069344630149 1428890069343865763 764386 24.24
1428890069365230538 1428890069364882919 347619 24.25
1428890069385661335 1428890069385368838 292497 24.26
1428890069407631980 1428890069405924560 1707420 24.27
