1428890312225387264 1428890312224842437 544827 33.63
1428890312256363903 1428890312254987000 1376903 32.94
1428890312292250352 1428890312291327417 922935 31.06
1428890312325639849 1428890312325238625 401224 30.77
1428890312353544375 1428890312353335798 208577 31.67
1428890312380670547 1428890312380378877 291670 32.43
1428890312421459134 1428890312420439532 1019602 31.00
1428890312453466650 1428890312451559585 1907065 31.03
1428890312486729849 1428890312486239112 490737 30.92
1428890312517180717 1428890312515881932 1298785 31.10
1428890312545923054 1428890312544378869 1544185 31.40
1428890312579063982 1428890312576591315 2472667 31.30
1428890312606388199 1428890312606116441 271758 31.65
1428890312633890629 1428890312633319354 571275 31.95
1428890312661245310 1428890312660800894 444416 32.22
1428890312690393270 1428890312688395139 1998131 32.34
1428890312718892307 1428890312717548379 1343928 32.49
1428890312747561348 1428890312745936489 1624859 32.61
1428890312775949270 1428890312774561455 1387815 32.74
1428890312803283166 1428890312802871335 411831 32.91
1428890312830574656 1428890312830159237 415419 33.07
1428890312858627600 1428890312857596636 1030964 33.18
1428890312888651931 1428890312886766869 1885062 33.19
1428890312917125138 1428890312916699611 425527 33.27
1428890312945039333 1428890312944603593 435740 33.36
1428890312974297603 1428890312971993881 2303722 33.39
1428890313001607495 1428890313001290671 316824 33.50
1428890313029026671 1428890313028503659 523012 33.60
1428890313056947052 1428890313056084582 862470 33.67
1428890313085729350 1428890313084666955 1062395 33.70
1428890313113130445 1428890313112630825 499620 33.79
1428890313140400431 1428890313139914406 486025 33.87
1428890313168473372 1428890313167343252 1130120 33.92
1428890313197294054 1428890313195443813 1850241 33.94
1428890313224967692 1428890313224322003 645689 34.00
1428890313719450394 1428890313717746286 1704108 24.28
1428890313746374158 1428890313744797934 1576224 24.50
1428890313772258270 1428890313771819345 438925 24.74
1428890313800637569 1428890313800264766 372803 24.92
1428890313827867470 1428890313827551679 315791 25.12
1428890313855377253 1428890313854833602 543651 25.31
1428890313884748334 1428890313882545666 2202668 25.46
1428890313912945764 1428890313911967135 978629 25.62
1428890313940400887 1428890313939909225 491662 25.79
1428890313969174275 1428890313967390966 1783309 25.94
1428890314000093762 1428890313996189969 3903793 26.05
1428890314029776581 1428890314027554512 2222069 26.17
1428890314059041565 1428890314057138272 1903293 26.30
1428890314087999056 1428890314086312643 1686413 26.42
1428890314116926154 1428890314115637922 1288232 26.54
1428890314144387104 1428890314143895517 491587 26.68
1428890314171697472 1428890314171277271 420201 26.82
1428890314198840778 1428890314198541661 299117 26.96
1428890314225980860 1428890314225667974 312886 27.09
1428890314253411396 1428890314252920776 490620 27.21
1428890314284243319 1428890314283904772 338547 27.29
1428890314311975398 1428890314311353365 622033 27.41
1428890314343098887 1428890314338857889 4240998 27.47
1428890314613453500 1428890314612518584 934916 25.23
1428890314641023356 1428890314639359026 1664330 25.35
1428890314668708618 1428890314666326737 2381881 25.47
1428890314695212824 1428890314693338046 1874778 25.60
1428890314725184090 1428890314720926500 4257590 25.70
1428890314749673800 1428890314748978224 695576 25.84
1428890314777896948 1428890314776383869 1513079 25.95
1428890314804843328 1428890314804583368 259960 26.06
1428890314833798251 1428890314832365035 1433216 26.15
1428890314860923514 1428890314860642650 280864 26.26
1428890314891271829 1428890314890216177 1055652 26.34
1428890314918849059 1428890314918464374 384685 26.44
1428890314950177616 1428890314948616859 1560757 26.50
1428890314978479158 1428890314978152894 326264 26.59
1428890315010488720 1428890315010002308 486412 26.64
1428890315037785436 1428890315037463711 321725 26.74
1428890315068048784 1428890315066405805 1642979 26.81
1428890315096952941 1428890315096721716 231225 26.88
1428890315126798811 1428890315125294254 1504557 26.95
1428890315156910249 1428890315155363241 1547008 27.02
1428890315185604940 1428890315184857880 747060 27.09
1428890315215676652 1428890315213279308 2397344 27.15
1428890315246694829 1428890315246304779 390050 27.20
1428890315936760857 1428890315936483489 277368 22.72
1428890315964295222 1428890315963935803 359419 22.82
1428890315992360478 1428890315991974033 386445 22.91
1428890316019588608 1428890316019270171 318437 23.01
1428890316049361291 1428890316049009019 352272 23.09
1428890316077469225 1428890316077122336 346889 23.18
1428890316106257395 1428890316105860973 396422 23.27
1428890316135028113 1428890316134174761 853352 23.35
1428890316163345012 1428890316162059875 1285137 23.44
1428890316190654112 1428890316190296487 357625 23.53
1428890316220149082 1428890316217693502 2455580 23.61
1428890316249509313 1428890316248737541 771772 23.68
1428890316276068280 1428890316275612681 455599 23.77
1428890316304197148 1428890316302535666 1661482 23.85
1428890316330999801 1428890316330566110 433691 23.94
1428890316359212814 1428890316358812983 399831 24.02
1428890316386416919 1428890316386155562 261357 24.10
1428890316415124687 1428890316413431775 1692912 24.17
1428890316442553535 1428890316442152872 400663 24.25
1428890316469806867 1428890316469438596 368271 24.33
1428890316502812444 1428890316501753513 1058931 24.38
1428890316530061620 1428890316529779938 281682 24.46
1428890316562201748 1428890316559451453 2750295 24.50
1428890316589618114 1428890316589108572 509542 24.58
1428890316621132659 1428890316618023505 3109154 24.63
1428890316645296400 1428890316644869758 426642 24.72
1428890316677587967 1428890316673191759 4396208 24.77
1428890316704517037 1428890316701765188 2751849 24.84
1428890316738494932 1428890316729500168 8994764 24.87
1428890316757597799 1428890316756536739 1061060 24.99
1428890316788355251 1428890316785829447 2525804 25.04
1428890316815561818 1428890316815243582 318236 25.11
1428890316842737343 1428890316842411701 325642 25.18
1428890316870572741 1428890316869684122 888619 25.24
1428890316900086096 1428890316898675494 1410602 25.30
1428890316927568803 1428890316927075551 493252 25.36
1428890316955006008 1428890316954515983 490025 25.42
1428890316982292447 1428890316981820153 472294 25.49
1428890317011236751 1428890317009256292 1980459 25.54
1428890317040017228 1428890317038288260 1728968 25.60
1428890317067300125 1428890317066896284 403841 25.66
1428890317095190881 1428890317094724494 466387 25.72
1428890317123370827 1428890317122135246 1235581 25.77
1428890317151604366 1428890317150317943 1286423 25.83
1428890317180273456 1428890317178566242 1707214 25.88
1428890317213588419 1428890317212555879 1032540 25.91
1428890317902229614 1428890317901934544 295070 23.13
1428890317930901900 1428890317929178580 1723320 23.19
1428890317958436434 1428890317957899100 537334 23.25
1428890317986021411 1428890317985398578 622833 23.31
1428890318013390088 1428890318012962991 427097 23.38
1428890318041770568 1428890318041159809 610759 23.43
1428890318070426987 1428890318068762836 1664151 23.49
1428890318097775612 1428890318097381826 393786 23.55
1428890318125954799 1428890318125002174 952625 23.61
1428890318154687927 1428890318153974176 713751 23.66
1428890318182181246 1428890318181689959 491287 23.72
1428890318210911118 1428890318209124140 1786978 23.77
1428890318238363603 1428890318237903708 459895 23.83
1428890318266977809 1428890318266313616 664193 23.88
1428890318296232992 1428890318294087969 2145023 23.93
1428890318324692996 1428890318323257133 1435863 23.98
1428890318353374545 1428890318351688158 1686387 24.03
1428890318383930245 1428890318381578643 2351602 24.08
1428890318412909103 1428890318412534271 374832 24.13
1428890318440459609 1428890318439895428 564181 24.18
1428890318467323738 1428890318466887862 435876 24.24
1428890318497497993 1428890318497004559 493434 24.28
1428890318525608906 1428890318525162886 446020 24.33
1428890318554842643 1428890318553103562 1739081 24.37
1428890318584073591 1428890318582515870 1557721 24.42
1428890318611809387 1428890318611334848 474539 24.47
1428890318642000124 1428890318639767407 2232717 24.51
1428890318670168139 1428890318669180633 987506 24.56
1428890318699965645 1428890318698406194 1559451 24.60
1428890318729047435 1428890318727093077 1954358 24.64
1428890318756262641 1428890318755950543 312098 24.69
1428890318783860779 1428890318783218721 642058 24.74
1428890318812770828 1428890318812434703 336125 24.78
1428890318840030931 1428890318839636844 394087 24.83
1428890318867418663 1428890318867046037 372626 24.88
1428890318894677073 1428890318894291170 385903 24.93
1428890318921914511 1428890318921543079 371432 24.98
1428890318949183771 1428890318948805073 378698 25.02
1428890318976439896 1428890318976071880 368016 25.07
1428890319003797624 1428890319003338191 459433 25.12
1428890319031647669 1428890319030750245 897424 25.16
1428890319059944897 1428890319059662156 282741 25.20
1428890319087142996 1428890319086778735 364261 25.25
1428890319114300038 1428890319113970158 329880 25.29
1428890319142703796 1428890319141247615 1456181 25.33
1428890319169997630 1428890319169620870 376760 25.38
1428890319198992868 1428890319196959446 2033422 25.42
1428890319887294674 1428890319886800388 494286 23.40
1428890319914828756 1428890319913562875 1265881 23.45
1428890319940976216 1428890319940595000 381216 23.50
1428890319968933251 1428890319967450788 1482463 23.54
1428890319994838865 1428890319994299929 538936 23.59
1428890320023023836 1428890320021309236 1714600 23.63
1428890320050111172 1428890320049516835 594337 23.68
1428890320077694276 1428890320077150718 543558 23.72
1428890320106069384 1428890320104759419 1309965 23.77
1428890320134565916 1428890320133284370 1281546 23.81
1428890320163121619 1428890320162625551 496068 23.85
1428890320190474434 1428890320190186578 287856 23.89
1428890320218132614 1428890320217464087 668527 23.93
1428890320247691522 1428890320245287643 2403879 23.97
1428890320275182286 1428890320274738928 443358 24.01
1428890320304706289 1428890320303030849 1675440 24.05
1428890320332400370 1428890320331732851 667519 24.09
1428890320360597657 1428890320359366155 1231502 24.13
1428890320389026416 1428890320387579724 1446692 24.17
1428890320418483944 1428890320416339370 2144574 24.20
1428890320446113148 1428890320445620258 492890 24.24
1428890320473290861 1428890320472913223 377638 24.28
1428890320504262217 1428890320503968316 293901 24.31
1428890320531986651 1428890320531702780 283871 24.35
1428890320559254014 1428890320558867558 386456 24.39
1428890320586456237 1428890320586118514 337723 24.43
1428890320613709043 1428890320613340239 368804 24.47
1428890320641029679 1428890320640661374 368305 24.51
1428890320670618997 1428890320668338745 2280252 24.54
1428890320699744045 1428890320697807662 1936383 24.58
1428890320729460349 1428890320727940148 1520201 24.61
1428890320757947094 1428890320756496620 1450474 24.64
1428890320790433248 1428890320787041969 3391279 24.67
1428890320818587035 1428890320817284670 1302365 24.70
1428890320846956386 1428890320845629511 1326875 24.74
1428890320875817120 1428890320874234818 1582302 24.77
1428890320904736746 1428890320903027556 1709190 24.80
1428890320933059222 1428890320931723739 1335483 24.84
1428890320961798363 1428890320960532033 1266330 24.87
1428890320989840023 1428890320988835470 1004553 24.90
1428890321017245749 1428890321016779198 466551 24.94
1428890321045941561 1428890321044170113 1771448 24.97
1428890321073281412 1428890321072908423 372989 25.01
1428890321102174406 1428890321100295728 1878678 25.04
1428890321129558062 1428890321129164793 393269 25.07
1428890321156829789 1428890321156425602 404187 25.11
1428890321184872114 1428890321183715750 1156364 25.14
1428890321212163699 1428890321211742389 421310 25.18
1428890321890000125 1428890321889534433 465692 23.62
1428890321918298962 1428890321917840045 458917 23.66
1428890321947393746 1428890321945317566 2076180 23.69
1428890321975825181 1428890321974526615 1298566 23.72
1428890322004109041 1428890322002968329 1140712 23.76
1428890322031612499 1428890322031120433 492066 23.79
1428890322058998445 1428890322058507249 491196 23.83
1428890322088357099 1428890322087011088 1346011 23.86
1428890322121457674 1428890322120960251 497423 23.88
1428890322149028260 1428890322148443331 584929 23.91
1428890322177287667 1428890322175475821 1811846 23.94
1428890322203909130 1428890322202397159 1511971 23.98
1428890322231168389 1428890322229389763 1778626 24.01
1428890322259044062 1428890322258224904 819158 24.05
1428890322287814622 1428890322286112431 1702191 24.08
1428890322315781160 1428890322315303486 477674 24.11
1428890322344256553 1428890322343225042 1031511 24.14
1428890322371858774 1428890322371200799 657975 24.17
1428890322399734001 1428890322398770644 963357 24.21
1428890322432203305 1428890322426758937 5444368 24.23
1428890322464966238 1428890322463474872 1491366 24.25
1428890322493931817 1428890322492151430 1780387 24.28
1428890322525259979 1428890322525008949 251030 24.30
1428890322553113375 1428890322552737488 375887 24.33
1428890322581233605 1428890322580919906 313699 24.36
1428890322608412086 1428890322608142004 270082 24.39
1428890322637790810 1428890322636542842 1247968 24.42
1428890322665033851 1428890322664712885 320966 24.45
1428890322692475337 1428890322691989285 486052 24.48
1428890322719808426 1428890322719367755 440671 24.52
1428890322747663298 1428890322747276340 386958 24.55
1428890322774974904 1428890322774592144 382760 24.58
1428890322803122812 1428890322802687285 435527 24.61
1428890322830360071 1428890322829976577 383494 24.64
1428890322857642369 1428890322857249683 392686 24.67
1428890322885274102 1428890322884586551 687551 24.70
1428890322913495744 1428890322913011847 483897 24.73
1428890322943250689 1428890322942712305 538384 24.75
1428890322970659850 1428890322970176202 483648 24.78
1428890322998815207 1428890322997853809 961398 24.81
1428890323026141171 1428890323025717862 423309 24.84
1428890323054159820 1428890323053729353 430467 24.87
1428890323081529362 1428890323081050209 479153 24.89
1428890323108886231 1428890323108328291 557940 24.92
1428890323138094231 1428890323136655479 1438752 24.95
1428890323167129990 1428890323165150821 1979169 24.97
1428890323195916255 1428890323194311591 1604664 25.00
1428890323880557572 1428890323880186266 371306 23.71
1428890323907637841 1428890323907323835 314006 23.74
1428890323935010007 1428890323934572519 437488 23.77
1428890323962838485 1428890323962315876 522609 23.79
1428890323990719673 1428890323989776409 943264 23.82
1428890324019151730 1428890324018488680 663050 23.85
1428890324046861565 1428890324046206327 655238 23.88
1428890324076041064 1428890324073949471 2091593 23.90
1428890324104808683 1428890324101589338 3219345 23.93
1428890324131711117 1428890324130371834 1339283 23.96
1428890324162111903 1428890324160356037 1755866 23.98
1428890324191493891 1428890324189408698 2085193 24.01
1428890324220074897 1428890324219570510 504387 24.03
1428890324250094707 1428890324247192169 2902538 24.06
1428890324278812603 1428890324277295921 1516682 24.08
1428890324309140718 1428890324305987878 3152840 24.11
1428890324339298898 1428890324337719492 1579406 24.13
1428890324367833325 1428890324367508369 324956 24.15
1428890324395076393 1428890324394751446 324947 24.18
1428890324422456023 1428890324422023851 432172 24.21
1428890324449749758 1428890324449313400 436358 24.24
1428890324477454582 1428890324476748947 705635 24.26
1428890324504989273 1428890324504387350 601923 24.29
1428890324536149796 1428890324533621940 2527856 24.31
1428890324564696018 1428890324563654383 1041635 24.33
1428890324591916234 1428890324591522583 393651 24.36
1428890324619241871 1428890324619072563 169308 24.39
1428890324648283020 1428890324647676796 606224 24.41
1428890324677003370 1428890324676316655 686715 24.44
1428890324705179551 1428890324703271162 1908389 24.46
1428890324732757387 1428890324732520381 237006 24.49
1428890324764801810 1428890324762020604 2781206 24.50
1428890324792852816 1428890324791933086 919730 24.53
1428890324819980302 1428890324819688811 291491 24.56
1428890324848935319 1428890324847134497 1800822 24.58
1428890324876200839 1428890324875867492 333347 24.60
1428890324903283454 1428890324902993464 289990 24.63
1428890324934075470 1428890324931889210 2186260 24.65
1428890324963332235 1428890324962799451 532784 24.67
1428890324990828280 1428890324990404336 423944 24.70
1428890325017700690 1428890325017282337 418353 24.72
1428890325045188038 1428890325044691100 496938 24.75
1428890325073110824 1428890325072476682 634142 24.77
1428890325099799131 1428890325099425551 373580 24.80
1428890325127355655 1428890325126752153 603502 24.82
1428890325155047590 1428890325153747559 1300031 24.85
1428890325181792395 1428890325180763200 1029195 24.87
1428890325208032012 1428890325207647322 384690 24.90
1428890325891820035 1428890325889609800 2210235 23.80
1428890325919291098 1428890325918862847 428251 23.83
1428890325948750622 1428890325946865964 1884658 23.85
1428890325976799901 1428890325975855350 944551 23.87
1428890326005369522 1428890326004774894 594628 23.90
1428890326033992466 1428890326032405097 1587369 23.92
1428890326063017430 1428890326061119422 1898008 23.94
1428890326091199667 1428890326090091505 1108162 23.96
1428890326120759912 1428890326118517292 2242620 23.99
1428890326148146093 1428890326147750458 395635 24.01
1428890326178091857 1428890326175215320 2876537 24.03
1428890326207783159 1428890326205280251 2502908 24.05
1428890326235429119 1428890326234828768 600351 24.07
1428890326265384963 1428890326265009712 375251 24.09
1428890326292932912 1428890326292334152 598760 24.12
1428890326320336901 1428890326319887966 448935 24.14
1428890326357611653 1428890326351838174 5773479 24.15
1428890326382374834 1428890326378744857 3629977 24.18
1428890326410492281 1428890326409125797 1366484 24.20
1428890326438038730 1428890326436101786 1936944 24.22
1428890326466026207 1428890326464940412 1085795 24.25
1428890326494673826 1428890326493766268 907558 24.27
1428890326526918668 1428890326522859361 4059307 24.28
1428890326551114182 1428890326549695447 1418735 24.31
1428890326578051805 1428890326576546011 1505794 24.34
1428890326605691150 1428890326603394522 2296628 24.36
1428890326631029444 1428890326630260407 769037 24.38
1428890326658840793 1428890326657148899 1691894 24.41
1428890326685109314 1428890326684612708 496606 24.43
1428890326712536240 1428890326712318986 217254 24.45
1428890326740798048 1428890326740399698 398350 24.48
1428890326768029150 1428890326767745459 283691 24.50
1428890326795247258 1428890326794907662 339596 24.52
1428890326822402711 1428890326822099032 303679 24.54
1428890326849532321 1428890326849236469 295852 24.57
1428890326876742046 1428890326876437371 304675 24.59
1428890326903966549 1428890326903651612 314937 24.61
1428890326931961419 1428890326931637713 323706 24.63
1428890326959223007 1428890326958886410 336597 24.66
1428890326989970358 1428890326986837511 3132847 24.67
1428890327039900254 1428890327013800223 26100031 24.66
1428890327040998131 1428890327040718042 280089 24.72
1428890327067974017 1428890327067541337 432680 24.74
1428890327094839290 1428890327094400968 438322 24.77
1428890327121727807 1428890327121257728 470079 24.79
1428890327148824504 1428890327148176070 648434 24.81
1428890327875683632 1428890327875329604 354028 23.79
1428890327904282558 1428890327903505947 776611 23.81
1428890327932089059 1428890327931350408 738651 23.83
1428890327959776042 1428890327959140919 635123 23.85
1428890327988290157 1428890327987653338 636819 23.87
1428890328016792018 1428890328015287444 1504574 23.89
1428890328045241688 1428890328043768019 1473669 23.91
1428890328072923569 1428890328072218874 704695 23.93
1428890328101095485 1428890328099964567 1130918 23.95
1428890328129714077 1428890328128181889 1532188 23.97
1428890328157182614 1428890328156815437 367177 24.00
1428890328185403339 1428890328184198361 1204978 24.02
1428890328214840721 1428890328213487388 1353333 24.03
1428890328244479012 1428890328242563808 1915204 24.05
1428890328272825696 1428890328271519020 1306676 24.07
1428890328300106985 1428890328299680477 426508 24.09
1428890328329670814 1428890328328266187 1404627 24.11
1428890328358623738 1428890328358045782 577956 24.13
1428890328387644915 1428890328386966380 678535 24.15
1428890328416479101 1428890328416241257 237844 24.17
1428890328443910744 1428890328443489368 421376 24.19
1428890328472560631 1428890328472161469 399162 24.21
1428890328503364775 1428890328503083590 281185 24.22
1428890328532170713 1428890328530987608 1183105 24.24
1428890328559325246 1428890328557913518 1411728 24.26
1428890328586093710 1428890328584770145 1323565 24.28
1428890328612317391 1428890328611686853 630538 24.30
1428890328643183253 1428890328639213841 3969412 24.32
1428890328667058746 1428890328666072255 986491 24.35
1428890328694073158 1428890328692931154 1142004 24.37
1428890328721000674 1428890328719749440 1251234 24.39
1428890328752661561 1428890328752455820 205741 24.40
1428890328781264311 1428890328781071926 192385 24.42
1428890328808460051 1428890328808267716 192335 24.44
1428890328836462654 1428890328836247542 215112 24.46
1428890328864437665 1428890328863978906 458759 24.48
1428890328893917691 1428890328891985412 1932279 24.49
1428890328922428657 1428890328921933966 494691 24.51
1428890328949866175 1428890328949418566 447609 24.53
1428890328977198984 1428890328976743518 455466 24.55
1428890329004507101 1428890329004027613 479488 24.57
1428890329031654294 1428890329031355802 298492 24.59
1428890329062037843 1428890329059902717 2135126 24.61
1428890329089235694 1428890329088998792 236902 24.62
1428890329119373852 1428890329117335319 2038533 24.64
1428890329146899790 1428890329146414005 485785 24.66
1428890329174055873 1428890329173731269 324604 24.68
1428890329203956185 1428890329201473292 2482893 24.69
1428890329886634253 1428890329886387183 247070 23.85
1428890329914283587 1428890329913967772 315815 23.87
1428890329941481573 1428890329941232258 249315 23.89
1428890329973156980 1428890329971295200 1861780 23.91
1428890330000684448 1428890330000476061 208387 23.93
1428890330031934436 1428890330030042123 1892313 23.94
1428890330060014831 1428890330058942084 1072747 23.96
1428890330089050215 1428890330087467515 1582700 23.98
1428890330116241627 1428890330115898061 343566 23.99
1428890330143408400 1428890330143095171 313229 24.01
1428890330170535943 1428890330170234774 301169 24.03
1428890330200240064 1428890330198701371 1538693 24.05
1428890330227450905 1428890330227163679 287226 24.07
1428890330257506668 1428890330255128882 2377786 24.08
1428890330285346178 1428890330284584711 761467 24.10
1428890330312469622 1428890330312356665 112957 24.12
1428890330340310345 1428890330339896961 413384 24.14
1428890330367260024 1428890330367083669 176355 24.16
1428890330394297447 1428890330393899609 397838 24.18
1428890330422056520 1428890330421472304 584216 24.20
1428890330448936979 1428890330448383208 553771 24.21
1428890330475808918 1428890330475248805 560113 24.23
1428890330502602030 1428890330502126165 475865 24.25
1428890330529284138 1428890330528881753 402385 24.27
1428890330556192005 1428890330555788268 403737 24.29
1428890330582935819 1428890330582545313 390506 24.31
1428890330610165287 1428890330609774208 391079 24.33
1428890330638012863 1428890330637433830 579033 24.35
1428890330665240139 1428890330664476693 763446 24.36
1428890330691896541 1428890330691376770 519771 24.38
1428890330720124603 1428890330718303125 1821478 24.40
1428890330747376943 1428890330747064490 312453 24.42
1428890330774442951 1428890330774215572 227379 24.44
1428890330801783552 1428890330801339026 444526 24.45
1428890330829655949 1428890330829364853 291096 24.47
1428890330856790219 1428890330856554344 235875 24.49
1428890330884953569 1428890330884423473 530096 24.51
1428890330912957359 1428890330912551631 405728 24.52
1428890330940238069 1428890330939812738 425331 24.54
1428890330970680755 1428890330968906431 1774324 24.55
1428890330999677816 1428890330998979677 698139 24.57
1428890331030313441 1428890331028319126 1994315 24.58
1428890331058702116 1428890331058317834 384282 24.60
1428890331088016212 1428890331086792673 1223539 24.61
1428890331116279123 1428890331115885220 393903 24.63
1428890331143915654 1428890331143625360 290294 24.65
1428890331171061266 1428890331170752516 308750 24.66
1428890331198192974 1428890331197864074 328900 24.68
1428890331878007536 1428890331877603437 404099 23.93
1428890331905312063 1428890331904897846 414217 23.95
1428890331932639329 1428890331932197543 441786 23.97
1428890331966097362 1428890331965090560 1006802 23.98
1428890331994271736 1428890331993975025 296711 23.99
1428890332023718707 1428890332022084364 1634343 24.01
1428890332051081884 1428890332050688186 393698 24.02
1428890332078242108 1428890332077882051 360057 24.04
1428890332106041154 1428890332105098540 942614 24.06
1428890332134899305 1428890332133131766 1767539 24.07
1428890332173071006 1428890332171965065 1105941 24.08
1428890332201366808 1428890332200854144 512664 24.09
1428890332229660089 1428890332227923423 1736666 24.11
1428890332255374627 1428890332254827342 547285 24.13
1428890332282159190 1428890332281726041 433149 24.15
1428890332309694006 1428890332309354971 339035 24.16
1428890332337075107 1428890332336576819 498288 24.18
1428890332368162144 1428890332366072416 2089728 24.19
1428890332395525426 1428890332395156456 368970 24.21
1428890332424016101 1428890332423048596 967505 24.22
1428890332453833293 1428890332451782415 2050878 24.24
1428890332484126259 1428890332481847549 2278710 24.25
1428890332511652737 1428890332511189811 462926 24.27
1428890332538901080 1428890332538495416 405664 24.28
1428890332569212418 1428890332568087063 1125355 24.30
1428890332600755404 1428890332598418673 2336731 24.31
1428890332632203555 1428890332628836089 3367466 24.32
1428890332659637981 1428890332657582314 2055667 24.34
1428890332688897376 1428890332686926996 1970380 24.35
1428890332716396136 1428890332715821667 574469 24.37
1428890332747944927 1428890332745923280 2021647 24.38
1428890332776834476 1428890332775105126 1729350 24.39
1428890332807813258 1428890332804118538 3694720 24.40
1428890332835646857 1428890332834970014 676843 24.42
1428890332863847130 1428890332863298470 548660 24.43
1428890332891410273 1428890332890964834 445439 24.45
1428890332919561110 1428890332919306414 254696 24.46
1428890332946578600 1428890332946353436 225164 24.48
1428890332974061137 1428890332973493506 567631 24.50
1428890333002233312 1428890333000993223 1240089 24.51
1428890333031070264 1428890333029364625 1705639 24.53
1428890333070584144 1428890333063004216 7579928 24.53
1428890333091702931 1428890333089861550 1841381 24.55
1428890333121048740 1428890333117137576 3911164 24.56
1428890333148980821 1428890333144024375 4956446 24.58
1428890333177556048 1428890333171283943 6272105 24.59
1428890333204818784 1428890333198731568 6087216 24.61
1428890333226586026 1428890333225627903 958123 24.63
1428890333915041691 1428890333914522501 519190 23.94
1428890333943930175 1428890333943428430 501745 23.96
1428890333972944909 1428890333972073118 871791 23.97
1428890334001806593 1428890334001205377 601216 23.98
1428890334031932177 1428890334030286010 1646167 24.00
1428890334061848016 1428890334060338957 1509059 24.01
1428890334091542647 1428890334089859161 1683486 24.02
1428890334120907348 1428890334118796994 2110354 24.04
1428890334149239259 1428890334147943910 1295349 24.05
1428890334178282987 1428890334176307811 1975176 24.06
1428890334205658883 1428890334205294898 363985 24.08
1428890334234634657 1428890334232687883 1946774 24.09
1428890334262072084 1428890334261700444 371640 24.11
1428890334291356171 1428890334289062258 2293913 24.12
1428890334321429735 1428890334321187421 242314 24.13
1428890334352902077 1428890334351378950 1523127 24.15
1428890334384350719 1428890334382796075 1554644 24.16
1428890334414656998 1428890334412705165 1951833 24.17
1428890334444541294 1428890334442429415 2111879 24.18
1428890334472093129 1428890334471553464 539665 24.20
1428890334500712548 1428890334500487895 224653 24.21
1428890334527829502 1428890334527729161 100341 24.23
1428890334555236934 1428890334555148341 88593 24.24
1428890334583369473 1428890334583100832 268641 24.25
1428890334611602039 1428890334610952529 649510 24.27
1428890334641748304 1428890334638196807 3551497 24.28
1428890334668689703 1428890334666263938 2425765 24.30
1428890334693917516 1428890334693234835 682681 24.31
1428890334720762490 1428890334720074715 687775 24.33
1428890334748650034 1428890334746915834 1734200 24.34
1428890334775446046 1428890334774998903 447143 24.36
1428890334802770224 1428890334802514779 255445 24.37
1428890334829916249 1428890334829588227 328022 24.39
1428890334860626519 1428890334858958284 1668235 24.40
1428890334887824929 1428890334887399506 425423 24.41
1428890334914973326 1428890334914657105 316221 24.43
1428890334941946285 1428890334941850578 95707 24.44
1428890334969607051 1428890334968966611 640440 24.46
1428890334996724051 1428890334996106048 618003 24.47
1428890335026901695 1428890335025248014 1653681 24.48
1428890335054031561 1428890335053797916 233645 24.50
1428890335082671397 1428890335081941732 729665 24.51
1428890335110946499 1428890335110501257 445242 24.53
1428890335139372084 1428890335138099472 1272612 24.54
1428890335166628310 1428890335166336876 291434 24.55
1428890335199177453 1428890335198885656 291797 24.56
1428890335886766257 1428890335886362962 403295 23.93
1428890335913802575 1428890335913386334 416241 23.95
1428890335940945685 1428890335940261610 684075 23.96
1428890335969780978 1428890335968265338 1515640 23.98
1428890335995990103 1428890335995622026 368077 23.99
1428890336023375273 1428890336023036411 338862 24.01
1428890336051584777 1428890336051257983 326794 24.02
1428890336078899538 1428890336078616682 282856 24.03
1428890336108656873 1428890336107319913 1336960 24.05
1428890336137234410 1428890336136889154 345256 24.06
1428890336164815815 1428890336164171987 643828 24.07
1428890336192683024 1428890336192428505 254519 24.09
1428890336221055741 1428890336219824420 1231321 24.10
1428890336249911041 1428890336248345905 1565136 24.11
1428890336279571071 1428890336277594060 1977011 24.12
1428890336308002753 1428890336307658513 344240 24.14
1428890336335975608 1428890336335612981 362627 24.15
1428890336363902941 1428890336362839830 1063111 24.16
1428890336392151221 1428890336390835668 1315553 24.18
1428890336419397117 1428890336419125676 271441 24.19
1428890336446483666 1428890336445880497 603169 24.21
1428890336473159841 1428890336472683670 476171 24.22
1428890336502557376 1428890336500218068 2339308 24.23
1428890336527927946 1428890336527071807 856139 24.25
1428890336554725005 1428890336553940119 784886 24.26
1428890336581968640 1428890336580788089 1180551 24.28
1428890336609430867 1428890336607921911 1508956 24.29
1428890336635301310 1428890336634759817 541493 24.30
1428890336666339894 1428890336662146663 4193231 24.31
1428890336689472771 1428890336689024732 448039 24.33
1428890336716725192 1428890336716323930 401262 24.35
1428890336745408745 1428890336744536650 872095 24.36
1428890336773775874 1428890336773204139 571735 24.37
1428890336800856322 1428890336800590027 266295 24.39
1428890336828116588 1428890336827982149 134439 24.40
1428890336855600137 1428890336855289659 310478 24.41
1428890336885030399 1428890336884013458 1016941 24.42
1428890336912878286 1428890336912494712 383574 24.44
1428890336940351849 1428890336939936077 415772 24.45
1428890336968453719 1428890336968090690 363029 24.46
1428890337001737139 1428890337001413672 323467 24.47
1428890337030135968 1428890337029828302 307666 24.48
1428890337058231322 1428890337057804151 427171 24.49
1428890337090061341 1428890337088008815 2052526 24.50
1428890337120215477 1428890337119475906 739571 24.51
1428890337147283140 1428890337147028272 254868 24.53
1428890337176506640 1428890337175988583 518057 24.54
1428890337204860769 1428890337204335550 525219 24.55
1428890337895435532 1428890337894985146 450386 23.97
1428890337924094539 1428890337922508755 1585784 23.98
1428890337951424221 1428890337951077953 346268 23.99
1428890337979638989 1428890337979223384 415605 24.01
1428890338008074567 1428890338006760143 1314424 24.02
1428890338035411243 1428890338035064091 347152 24.03
1428890338064522087 1428890338063980352 541735 24.04
1428890338091739818 1428890338091389339 350479 24.06
1428890338119187840 1428890338118696889 490951 24.07
1428890338148319517 1428890338146586472 1733045 24.08
1428890338176018433 1428890338175454234 564199 24.10
1428890338204425843 1428890338203836915 588928 24.11
1428890338232927048 1428890338232745634 181414 24.12
1428890338263733748 1428890338263063014 670734 24.13
1428890338292580830 1428890338290807608 1773222 24.14
1428890338319944631 1428890338319475747 468884 24.15
1428890338349170254 1428890338347511783 1658471 24.17
1428890338376675770 1428890338376165069 510701 24.18
1428890338404671127 1428890338403931800 739327 24.19
1428890338437262530 1428890338436955560 306970 24.20
1428890338464615630 1428890338464105602 510028 24.21
1428890338493452177 1428890338492949454 502723 24.22
1428890338526044725 1428890338525591032 453693 24.23
1428890338556447230 1428890338554789905 1657325 24.24
1428890338585847312 1428890338584110124 1737188 24.25
1428890338611298733 1428890338610984107 314626 24.27
1428890338638368418 1428890338638117719 250699 24.28
1428890338667634453 1428890338665316501 2317952 24.29
1428890338694920983 1428890338694652671 268312 24.30
1428890338722110038 1428890338721771168 338870 24.32
1428890338749256805 1428890338748885199 371606 24.33
1428890338777219170 1428890338776879241 339929 24.34
1428890338804448876 1428890338804066585 382291 24.35
1428890338838089601 1428890338837907999 181602 24.36
1428890338867045169 1428890338866541804 503365 24.37
1428890338896059756 1428890338894973187 1086569 24.38
1428890338927301935 1428890338925298518 2003417 24.39
1428890338956171177 1428890338954509750 1661427 24.40
1428890338983473901 1428890338983159516 314385 24.41
1428890339010725093 1428890339010442311 282782 24.43
1428890339037848322 1428890339037547200 301122 24.44
1428890339065267898 1428890339065086636 181262 24.45
1428890339093500112 1428890339092799446 700666 24.46
1428890339121476598 1428890339121128757 347841 24.47
1428890339149461667 1428890339148382544 1079123 24.49
1428890339185171448 1428890339184050535 1120913 24.49
1428890339212217951 1428890339211960124 257827 24.50
1428890339901374199 1428890339901136411 237788 23.97
1428890339929969076 1428890339929640353 328723 23.98
1428890339959362708 1428890339958604399 758309 23.99
1428890339987384598 1428890339986982603 401995 24.00
1428890340015681196 1428890340015300972 380224 24.01
1428890340044335989 1428890340042897986 1438003 24.02
1428890340072995879 1428890340071502005 1493874 24.03
1428890340102290380 1428890340100074026 2216354 24.04
1428890340133107079 1428890340132838311 268768 24.05
1428890340162739107 1428890340160010040 2729067 24.06
1428890340188515948 1428890340188121180 394768 24.08
1428890340216036767 1428890340215419912 616855 24.09
1428890340244129850 1428890340243064202 1065648 24.10
1428890340271917058 1428890340271086363 830695 24.11
1428890340299230304 1428890340298816281 414023 24.13
1428890340327003509 1428890340326560059 443450 24.14
1428890340356635178 1428890340354037167 2598011 24.15
1428890340385890386 1428890340385492860 397526 24.16
1428890340414455612 1428890340412803516 1652096 24.17
1428890340443003112 1428890340441440960 1562152 24.18
1428890340471070574 1428890340470006439 1064135 24.19
1428890340500836786 1428890340498039116 2797670 24.20
1428890340525536339 1428890340524931876 604463 24.21
1428890340553033947 1428890340551816393 1217554 24.23
1428890340580629936 1428890340579040212 1589724 24.24
1428890340607992331 1428890340607010275 982056 24.25
1428890340635724586 1428890340634362698 1361888 24.26
1428890340664886278 1428890340661987338 2898940 24.27
1428890340693839657 1428890340690877210 2962447 24.28
1428890340718256777 1428890340717765438 491339 24.30
1428890340745605997 1428890340745183287 422710 24.31
1428890340774088061 1428890340772822727 1265334 24.32
1428890340801246095 1428890340800958045 288050 24.33
1428890340828346991 1428890340828055215 291776 24.34
1428890340859304648 1428890340857114436 2190212 24.35
1428890340887999490 1428890340886427691 1571799 24.36
1428890340916807135 1428890340915909129 898006 24.37
1428890340945044119 1428890340944469196 574923 24.38
1428890340972188327 1428890340971804286 384041 24.39
1428890340999430657 1428890340998885160 545497 24.41
1428890341026455901 1428890341026214145 241756 24.42
1428890341053296606 1428890341053227597 69009 24.43
1428890341080623323 1428890341080382293 241030 24.44
1428890341107456610 1428890341107391470 65140 24.45
1428890341135097755 1428890341134800134 297621 24.46
1428890341163043734 1428890341162814050 229684 24.48
1428890341190998821 1428890341190611437 387384 24.49
1428890341871102178 1428890341870887062 215116 23.99
1428890341898144798 1428890341897861216 283582 24.00
1428890341925550825 1428890341925329125 221700 24.02
1428890341954214948 1428890341952345514 1869434 24.03
1428890341981719280 1428890341981273673 445607 24.04
1428890342010267492 1428890342009478407 789085 24.05
1428890342038967569 1428890342037355900 1611669 24.06
1428890342067604924 1428890342066044670 1560254 24.07
1428890342094809482 1428890342094559184 250298 24.08
1428890342121868412 1428890342121612550 255862 24.09
1428890342149107308 1428890342148709482 397826 24.10
1428890342176436243 1428890342176062450 373793 24.12
1428890342204705120 1428890342204204128 500992 24.13
1428890342233484525 1428890342233051045 433480 24.14
1428890342264630016 1428890342263550600 1079416 24.14
1428890342292690001 1428890342292181200 508801 24.16
1428890342324486821 1428890342322867817 1619004 24.16
1428890342351785793 1428890342351397567 388226 24.17
1428890342379063190 1428890342378653202 409988 24.19
1428890342407747166 1428890342406258593 1488573 24.20
1428890342435798070 1428890342434682181 1115889 24.21
1428890342463275889 1428890342462802880 473009 24.22
1428890342490500156 1428890342490125939 374217 24.23
1428890342575089717 1428890342573710328 1379389 24.23
1428890342602434190 1428890342601008677 1425513 24.24
1428890342631035063 1428890342627847555 3187508 24.25
1428890342657124130 1428890342654849289 2274841 24.26
1428890342686364166 1428890342683539271 2824895 24.27
1428890342711693948 1428890342710797716 896232 24.28
1428890342739650380 1428890342739064963 585417 24.29
1428890342768586038 1428890342766890249 1695789 24.30
1428890342795565092 1428890342795265427 299665 24.31
1428890342822508316 1428890342822275645 232671 24.33
1428890342852181748 1428890342849379197 2802551 24.33
1428890342879468302 1428890342879109170 359132 24.35
1428890342906621610 1428890342906309343 312267 24.36
1428890342933846408 1428890342933454997 391411 24.37
1428890342966045961 1428890342964017875 2028086 24.37
1428890342994556262 1428890342993095335 1460927 24.38
1428890343021912650 1428890343021462628 450022 24.39
1428890343049222685 1428890343048755385 467300 24.41
1428890343077662744 1428890343077038425 624319 24.42
1428890343105640917 1428890343105331221 309696 24.43
1428890343137505091 1428890343135526743 1978348 24.43
1428890343165895703 1428890343164810121 1085582 24.44
1428890343195062252 1428890343194038510 1023742 24.45
1428890343884805766 1428890343883198013 1607753 23.98
1428890343915361689 1428890343913529647 1832042 23.99
1428890343942635849 1428890343942371998 263851 24.00
1428890343969988441 1428890343969546661 441780 24.01
1428890344002383751 1428890344000336641 2047110 24.02
1428890344030922765 1428890344029461470 1461295 24.03
1428890344060144162 1428890344058023211 2120951 24.04
1428890344088895640 1428890344087276037 1619603 24.05
1428890344118943000 1428890344116073348 2869652 24.06
1428890344146355377 1428890344145995452 359925 24.07
1428890344174335075 1428890344173310355 1024720 24.08
1428890344205164817 1428890344203041505 2123312 24.09
1428890344232710090 1428890344232284523 425567 24.10
1428890344259927851 1428890344259564525 363326 24.11
1428890344287138103 1428890344286766151 371952 24.12
1428890344314344384 1428890344313971113 373271 24.13
1428890344341622042 1428890344341193800 428242 24.14
1428890344369913148 1428890344369362285 550863 24.15
1428890344399309724 1428890344397013707 2296017 24.16
1428890344427593655 1428890344426307446 1286209 24.17
1428890344460717612 1428890344454572480 6145132 24.17
1428890344488852906 1428890344488420780 432126 24.18
1428890344517505662 1428890344516676423 829239 24.19
1428890344544938812 1428890344544474666 464146 24.20
1428890344574875575 1428890344572595042 2280533 24.21
1428890344602288905 1428890344601912277 376628 24.22
1428890344630332509 1428890344629203432 1129077 24.23
1428890344658906763 1428890344657356702 1550061 24.24
1428890344687870345 1428890344685976248 1894097 24.25
1428890344715362509 1428890344714916258 446251 24.26
1428890344743414043 1428890344743026702 387341 24.27
1428890344770815744 1428890344770322277 493467 24.28
1428890344799178100 1428890344798464719 713381 24.29
1428890344826701709 1428890344826167258 534451 24.30
1428890344856604779 1428890344854759812 1844967 24.31
1428890344883912501 1428890344883475435 437066 24.32
1428890344911147984 1428890344910753207 394777 24.33
1428890344938227242 1428890344937978967 248275 24.34
1428890344965283103 1428890344965020487 262616 24.35
1428890344992633985 1428890344992385899 248086 24.36
1428890345019937380 1428890345019692654 244726 24.37
1428890345046984172 1428890345046730528 253644 24.38
1428890345074116152 1428890345073784382 331770 24.39
1428890345105721426 1428890345101797671 3923755 24.40
1428890345136109825 1428890345133808984 2300841 24.41
1428890345163493576 1428890345163097434 396142 24.42
1428890345191598913 1428890345191129814 469099 24.43
1428890345218816794 1428890345218420761 396033 24.44
1428890345909437232 1428890345908943167 494065 24.00
1428890345938134077 1428890345936551427 1582650 24.01
1428890345966672616 1428890345965121118 1551498 24.01
1428890345994242104 1428890345993681245 560859 24.02
1428890346022913243 1428890346021403389 1509854 24.03
1428890346050418143 1428890346049924995 493148 24.04
1428890346078650301 1428890346077401659 1248642 24.05
1428890346106909100 1428890346105621000 1288100 24.06
1428890346134413635 1428890346133862419 551216 24.07
1428890346161848318 1428890346161366293 482025 24.08
1428890346190382159 1428890346189636007 746152 24.09
1428890346217674290 1428890346217299193 375097 24.10
1428890346245016694 1428890346244569108 447586 24.11
1428890346272851916 1428890346272000400 851516 24.12
1428890346300228061 1428890346299805868 422193 24.13
1428890346328854712 1428890346328539307 315405 24.14
1428890346356526354 1428890346356097156 429198 24.15
1428890346383617468 1428890346382926338 691130 24.16
1428890346411219807 1428890346410505749 714058 24.17
1428890346438642892 1428890346437888325 754567 24.18
1428890346466073756 1428890346465240627 833129 24.19
1428890346496082357 1428890346492925447 3156910 24.20
1428890346521262776 1428890346520583069 679707 24.21
1428890346548401495 1428890346547911637 489858 24.22
1428890346576113997 1428890346575159316 954681 24.23
1428890346603453189 1428890346602825016 628173 24.24
1428890346631379225 1428890346629888442 1490783 24.25
1428890346658780408 1428890346656986161 1794247 24.26
1428890346686467637 1428890346685554725 912912 24.27
1428890346714035447 1428890346712520232 1515215 24.28
1428890346743029059 1428890346741107465 1921594 24.29
1428890346771463943 1428890346770565742 898201 24.29
1428890346801065747 1428890346799793928 1271819 24.30
1428890346828382956 1428890346828072641 310315 24.31
1428890346856331498 1428890346855944315 387183 24.32
1428890346884806879 1428890346883400718 1406161 24.33
1428890346912195847 1428890346911702499 493348 24.34
1428890346940812588 1428890346939958068 854520 24.35
1428890346969366745 1428890346967819579 1547166 24.36
1428890346999812107 1428890346996477732 3334375 24.36
1428890347028871804 1428890347027052637 1819167 24.37
1428890347057345646 1428890347055974387 1371259 24.38
1428890347086042376 1428890347084461859 1580517 24.39
1428890347114090294 1428890347113067519 1022775 24.40
1428890347143168483 1428890347141218872 1949611 24.41
1428890347172122758 1428890347170311202 1811556 24.42
1428890347200098211 1428890347199120259 977952 24.43
1428890347227444919 1428890347227016345 428574 24.43
1428890347921410447 1428890347919590987 1819460 24.02
1428890347951862085 1428890347951434509 427576 24.02
1428890347979218895 1428890347978765366 453529 24.03
1428890348008070581 1428890348006061264 2009317 24.04
1428890348037097560 1428890348035251697 1845863 24.05
1428890348064418755 1428890348064027063 391692 24.06
1428890348091624863 1428890348091286289 338574 24.07
1428890348118895736 1428890348118493400 402336 24.08
1428890348146121474 1428890348145766896 354578 24.09
1428890348174496445 1428890348173045950 1450495 24.10
1428890348203157900 1428890348201490678 1667222 24.11
1428890348230583788 1428890348230175246 408542 24.12
1428890348258929283 1428890348257471541 1457742 24.12
1428890348285067740 1428890348284382769 684971 24.13
1428890348312005856 1428890348311308992 696864 24.14
1428890348342014828 1428890348338382908 3631920 24.15
1428890348366919542 1428890348366379549 539993 24.16
1428890348394232525 1428890348393907207 325318 24.17
1428890348422757571 1428890348421294259 1463312 24.18
1428890348450081349 1428890348449676028 405321 24.19
1428890348477220584 1428890348476950550 270034 24.20
1428890348504449058 1428890348504094078 354980 24.21
1428890348535308641 1428890348533922167 1386474 24.22
1428890348563097029 1428890348562538560 558469 24.22
1428890348589940135 1428890348589409094 531041 24.23
1428890348617836084 1428890348617098233 737851 24.24
1428890348647825748 1428890348644058135 3767613 24.25
1428890348673554329 1428890348671227060 2327269 24.26
1428890348698681551 1428890348698218333 463218 24.27
1428890348725581368 1428890348725069235 512133 24.28
1428890348753495336 1428890348752909937 585399 24.29
1428890348780602402 1428890348780110381 492021 24.30
1428890348809305033 1428890348809039575 265458 24.31
1428890348836475047 1428890348836139771 335276 24.32
1428890348864878996 1428890348863430572 1448424 24.33
1428890348893777487 1428890348893272027 505460 24.33
1428890348922902718 1428890348922047265 855453 24.34
1428890348951548469 1428890348951119531 428938 24.35
1428890348979836966 1428890348978747786 1089180 24.36
1428890349008056923 1428890349006784531 1272392 24.37
1428890349039423428 1428890349037611593 1811835 24.37
1428890349067516112 1428890349067020150 495962 24.38
1428890349096360472 1428890349095864384 496088 24.39
1428890349123742330 1428890349123458895 283435 24.40
1428890349150991850 1428890349150641989 349861 24.41
1428890349182550304 1428890349181918640 631664 24.41
1428890349211272076 1428890349210672955 599121 24.42
1428890349891623646 1428890349890974273 649373 24.03
1428890349921739683 1428890349921175864 563819 24.04
1428890349949962950 1428890349949388958 573992 24.05
1428890349976635316 1428890349976224271 411045 24.06
1428890350004678472 1428890350004449609 228863 24.07
1428890350033189575 1428890350032920339 269236 24.08
1428890350060715267 1428890350060441815 273452 24.09
1428890350088062565 1428890350087820375 242190 24.09
1428890350115388255 1428890350115144218 244037 24.10
1428890350142412757 1428890350142170164 242593 24.11
1428890350172605542 1428890350172277242 328300 24.12
1428890350202125635 1428890350200510265 1615370 24.13
1428890350229532077 1428890350229111038 421039 24.14
1428890350259117191 1428890350257108951 2008240 24.14
1428890350287178550 1428890350286115018 1063532 24.15
1428890350318095641 1428890350314651660 3443981 24.16
1428890350345285651 1428890350344905789 379862 24.17
1428890350373392902 1428890350372191356 1201546 24.18
1428890350400833212 1428890350400380642 452570 24.19
1428890350429857499 1428890350428991132 866367 24.19
1428890350458844960 1428890350457419726 1425234 24.20
1428890350486179031 1428890350485737761 441270 24.21
1428890350514129954 1428890350513757757 372197 24.22
1428890350541610632 1428890350541018943 591689 24.23
1428890350569312134 1428890350569156705 155429 24.24
1428890350605140288 1428890350601706350 3433938 24.24
1428890350635922192 1428890350629475172 6447020 24.25
1428890350656878899 1428890350656586178 292721 24.26
1428890350685318196 1428890350684210629 1107567 24.27
1428890350712784214 1428890350712433033 351181 24.27
1428890350743773634 1428890350741697014 2076620 24.28
1428890350771351639 1428890350770766042 585597 24.29
1428890350798979938 1428890350798685891 294047 24.30
1428890350829578215 1428890350829128351 449864 24.31
1428890350856921732 1428890350856697841 223891 24.31
1428890350887846205 1428890350885870719 1975486 24.32
1428890350916889658 1428890350916290576 599082 24.33
1428890350944818656 1428890350943824080 994576 24.34
1428890350973187195 1428890350972777740 409455 24.34
1428890351000593234 1428890351000076660 516574 24.35
1428890351029544703 1428890351027837852 1706851 24.36
1428890351056925833 1428890351056484106 441727 24.37
1428890351085719705 1428890351084704427 1015278 24.38
1428890351113245901 1428890351112831601 414300 24.38
1428890351140681715 1428890351140399437 282278 24.39
1428890351169049522 1428890351168607246 442276 24.40
1428890351201920976 1428890351199123586 2797390 24.41
1428890351230327650 1428890351229960772 366878 24.41
1428890351917618488 1428890351916919289 699199 24.04
1428890351945201412 1428890351944053531 1147881 24.05
1428890351972359887 1428890351971104562 1255325 24.06
1428890351999983404 1428890351998790733 1192671 24.07
1428890352031201395 1428890352027420300 3781095 24.07
1428890352056616123 1428890352056179338 436785 24.08
1428890352085549775 1428890352083731140 1818635 24.09
1428890352112988230 1428890352112544575 443655 24.10
1428890352142163489 1428890352140624326 1539163 24.11
1428890352171069360 1428890352169496327 1573033 24.11
1428890352201055164 1428890352199973904 1081260 24.12
1428890352229941032 1428890352228064470 1876562 24.13
1428890352263521758 1428890352261683218 1838540 24.13
1428890352292743960 1428890352291895548 848412 24.14
1428890352326725109 1428890352325814463 910646 24.15
1428890352357555019 1428890352357050124 504895 24.15
1428890352385488545 1428890352385280059 208486 24.16
1428890352416360920 1428890352414849316 1511604 24.17
1428890352443526836 1428890352443155859 370977 24.18
1428890352470593793 1428890352470342838 250955 24.18
1428890352498099847 1428890352497823624 276223 24.19
1428890352525701837 1428890352525461280 240557 24.20
1428890352559157942 1428890352557262922 1895020 24.21
1428890352594284682 1428890352586850462 7434220 24.21
1428890352620778101 1428890352616248492 4529609 24.22
1428890352646034506 1428890352643343023 2691483 24.23
1428890352672152231 1428890352670723057 1429174 24.24
1428890352699511245 1428890352699119562 391683 24.24
1428890352730784341 1428890352729174795 1609546 24.25
1428890352760713790 1428890352758716257 1997533 24.26
1428890352792019527 1428890352790552290 1467237 24.26
1428890352819246958 1428890352818887566 359392 24.27
1428890352846481343 1428890352846118942 362401 24.28
1428890352873736613 1428890352873352488 384125 24.29
1428890352901309854 1428890352900871487 438367 24.30
1428890352929587809 1428890352928681633 906176 24.30
1428890352957099133 1428890352956817541 281592 24.31
1428890352985279916 1428890352984075282 1204634 24.32
1428890353012512973 1428890353012136828 376145 24.33
1428890353040921368 1428890353039674552 1246816 24.34
1428890353071632185 1428890353070088730 1543455 24.34
1428890353098835811 1428890353098585192 250619 24.35
1428890353128621998 1428890353126078956 2543042 24.36
1428890353156064186 1428890353155621313 442873 24.36
1428890353184729502 1428890353184180021 549481 24.37
1428890353215331168 1428890353213346418 1984750 24.38
1428890353896553944 1428890353896085133 468811 24.03
1428890353924169215 1428890353924042159 127056 24.04
1428890353953116898 1428890353952900515 216383 24.04
1428890353980387726 1428890353980165056 222670 24.05
1428890354007452702 1428890354007284751 167951 24.06
1428890354035158295 1428890354034965801 192494 24.07
1428890354063132681 1428890354062679442 453239 24.08
1428890354092267951 1428890354091421502 846449 24.08
1428890354119910750 1428890354119497151 413599 24.09
1428890354149086524 1428890354148485219 601305 24.10
1428890354177182173 1428890354176821963 360210 24.11
1428890354204453698 1428890354204072054 381644 24.11
1428890354231592740 1428890354231281199 311541 24.12
1428890354260098845 1428890354258506689 1592156 24.13
1428890354288941331 1428890354287414338 1526993 24.14
1428890354316233961 1428890354315833485 400476 24.14
1428890354346796002 1428890354345998538 797464 24.15
1428890354374194130 1428890354373774954 419176 24.16
1428890354401365887 1428890354401068286 297601 24.17
1428890354432180136 1428890354431915054 265082 24.17
1428890354459295441 1428890354459071115 224326 24.18
1428890354487289562 1428890354486538811 750751 24.19
1428890354515372819 1428890354514970507 402312 24.20
1428890354544551109 1428890354542737633 1813476 24.20
1428890354574101953 1428890354573296393 805560 24.21
1428890354602483760 1428890354601739059 744701 24.22
1428890354629645857 1428890354629370624 275233 24.23
1428890354661059974 1428890354660123254 936720 24.23
1428890354689124805 1428890354688819063 305742 24.24
1428890354720206212 1428890354718387969 1818243 24.24
1428890354747552759 1428890354747230851 321908 24.25
1428890354774803068 1428890354774391878 411190 24.26
1428890354801912584 1428890354801656388 256196 24.27
1428890354828989977 1428890354828715799 274178 24.28
1428890354856235344 1428890354855889308 346036 24.28
1428890354884812774 1428890354883530286 1282488 24.29
1428890354912900909 1428890354912534212 366697 24.30
1428890354940078205 1428890354939720033 358172 24.31
1428890354970261572 1428890354969164832 1096740 24.31
1428890355001312802 1428890354999610103 1702699 24.32
1428890355028578808 1428890355028219241 359567 24.33
1428890355055807386 1428890355055417624 389762 24.33
1428890355083523301 1428890355083011822 511479 24.34
1428890355111414333 1428890355110987051 427282 24.35
1428890355141522099 1428890355140593630 928469 24.36
1428890355173520687 1428890355171454780 2065907 24.36
1428890355201134952 1428890355200674522 460430 24.37
1428890355231334967 1428890355228306294 3028673 24.38
1428890355915881468 1428890355915454915 426553 24.04
1428890355944844846 1428890355943482777 1362069 24.05
1428890355973216581 1428890355971776334 1440247 24.05
1428890356001410156 1428890356001013353 396803 24.06
1428890356029161407 1428890356028412744 748663 24.07
1428890356057627161 1428890356055738059 1889102 24.08
1428890356090351968 1428890356088710340 1641628 24.08
1428890356119472358 1428890356117824763 1647595 24.09
1428890356148350966 1428890356146753236 1597730 24.09
1428890356175956385 1428890356175353311 603074 24.10
1428890356204212023 1428890356203101276 1110747 24.11
1428890356233094852 1428890356231601029 1493823 24.12
1428890356260287165 1428890356259895889 391276 24.12
1428890356287893067 1428890356287439935 453132 24.13
1428890356319033785 1428890356316472348 2561437 24.14
1428890356348063213 1428890356346006501 2056712 24.14
1428890356375476224 1428890356374983323 492901 24.15
1428890356403972463 1428890356403151974 820489 24.16
1428890356432038999 1428890356431703245 335754 24.17
1428890356462400934 1428890356462289369 111565 24.17
1428890356490432253 1428890356490259613 172640 24.18
1428890356518698688 1428890356518444430 254258 24.19
1428890356549249850 1428890356547511938 1737912 24.19
1428890356581089408 1428890356576648811 4440597 24.20
1428890356605569547 1428890356603513316 2056231 24.21
1428890356630936796 1428890356630322707 614089 24.21
1428890356659033642 1428890356657371747 1661895 24.22
1428890356686471723 1428890356684595329 1876394 24.23
1428890356712669548 1428890356711611053 1058495 24.24
1428890356739148539 1428890356738505382 643157 24.25
1428890356766930040 1428890356766111656 818384 24.25
1428890356795781925 1428890356793485763 2296162 24.26
1428890356821237888 1428890356820813092 424796 24.27
1428890356848431779 1428890356848069200 362579 24.28
1428890356876874891 1428890356875324892 1549999 24.28
1428890356905089634 1428890356903821112 1268522 24.29
1428890356932228589 1428890356931906382 322207 24.30
1428890356959428442 1428890356959053607 374835 24.31
1428890356987551814 1428890356986290531 1261283 24.31
1428890357014422290 1428890357014327788 94502 24.32
1428890357042467518 1428890357042043697 423821 24.33
1428890357069938706 1428890357069486511 452195 24.33
1428890357096577039 1428890357096291056 285983 24.34
1428890357123661566 1428890357123254799 406767 24.35
1428890357150502279 1428890357150365023 137256 24.36
1428890357177734261 1428890357177502104 232157 24.37
1428890357204469977 1428890357204237955 232022 24.37
1428890357882854254 1428890357881756231 1098023 24.05
1428890357911995370 1428890357910451611 1543759 24.06
1428890357939219986 1428890357938881818 338168 24.07
1428890357966792572 1428890357966418821 373751 24.08
1428890357995895619 1428890357995495167 400452 24.08
1428890358026007568 1428890358024639814 1367754 24.09
1428890358055726605 1428890358055454043 272562 24.10
1428890358082951773 1428890358082596426 355347 24.10
1428890358112088919 1428890358111891458 197461 24.11
1428890358145616109 1428890358143796221 1819888 24.11
1428890358173403730 1428890358172801723 602007 24.12
1428890358201724399 1428890358201393656 330743 24.13
1428890358228923005 1428890358228604422 318583 24.13
1428890358256545331 1428890358255971318 574013 24.14
1428890358294975280 1428890358293445497 1529783 24.14
1428890358326596064 1428890358324738304 1857760 24.15
1428890358356446025 1428890358354318896 2127129 24.15
1428890358383556025 1428890358383174359 381666 24.16
1428890358416936240 1428890358415014300 1921940 24.17
1428890358444092205 1428890358443752238 339967 24.17
1428890358472019229 1428890358470977632 1041597 24.18
1428890358503307946 1428890358502912759 395187 24.19
1428890358530677759 1428890358530184198 493561 24.19
1428890358559197343 1428890358557059935 2137408 24.20
1428890358584628729 1428890358584298905 329824 24.21
1428890358613317246 1428890358613106292 210954 24.21
1428890358641667117 1428890358641480503 186614 24.22
1428890358669561494 1428890358669257216 304278 24.23
1428890358697365809 1428890358696957625 408184 24.24
1428890358726529563 1428890358725111726 1417837 24.24
1428890358757273228 1428890358755358646 1914582 24.25
1428890358788767564 1428890358788443821 323743 24.25
1428890358815910288 1428890358815685751 224537 24.26
1428890358845352064 1428890358843149383 2202681 24.27
1428890358883086889 1428890358881244885 1842004 24.27
1428890358911120826 1428890358910258294 862532 24.27
1428890358938807679 1428890358938151684 655995 24.28
1428890358966273902 1428890358965749340 524562 24.29
1428890358995922612 1428890358994256557 1666055 24.29
1428890359025225086 1428890359023040403 2184683 24.30
1428890359054641812 1428890359052533199 2108613 24.31
1428890359084002100 1428890359082144437 1857663 24.31
1428890359112389187 1428890359111928721 460466 24.32
1428890359139752465 1428890359139428378 324087 24.33
1428890359167050240 1428890359166636996 413244 24.33
1428890359194419359 1428890359193939161 480198 24.34
1428890359223794537 1428890359222019435 1775102 24.35
1428890359907609488 1428890359907298790 310698 24.04
1428890359934833208 1428890359934497212 335996 24.05
1428890359962008779 1428890359961678361 330418 24.05
1428890359989175548 1428890359988855383 320165 24.06
1428890360016705167 1428890360016083418 621749 24.07
1428890360045892908 1428890360045400649 492259 24.08
1428890360074652096 1428890360072970331 1681765 24.08
1428890360102136548 1428890360101689285 447263 24.09
1428890360130343327 1428890360130225009 118318 24.10
1428890360159610521 1428890360158969832 640689 24.10
1428890360186112943 1428890360185871068 241875 24.11
1428890360214167410 1428890360212959760 1207650 24.12
1428890360241520728 1428890360241131989 388739 24.12
1428890360269044407 1428890360268750117 294290 24.13
1428890360299323475 1428890360297447067 1876408 24.14
1428890360326689678 1428890360326443916 245762 24.14
1428890360353743770 1428890360353518694 225076 24.15
1428890360380840815 1428890360380583694 257121 24.16
1428890360407932354 1428890360407670717 261637 24.16
1428890360435010965 1428890360434740003 270962 24.17
1428890360462122775 1428890360461814828 307947 24.18
1428890360489996173 1428890360489588234 407939 24.19
1428890360517380773 1428890360516920121 460652 24.19
1428890360544986069 1428890360543861059 1125010 24.20
1428890360571307260 1428890360570700551 606709 24.21
1428890360598105948 1428890360597553254 552694 24.21
1428890360624976799 1428890360624362167 614632 24.22
1428890360651947686 1428890360651193334 754352 24.23
1428890360678794872 1428890360678440547 354325 24.24
1428890360709440009 1428890360707686080 1753929 24.24
1428890360736752433 1428890360736394034 358399 24.25
1428890360764062416 1428890360763659628 402788 24.25
1428890360792539795 1428890360792308911 230884 24.26
1428890360820010769 1428890360819712167 298602 24.27
1428890360847031667 1428890360846789295 242372 24.27
1428890360877768703 1428890360876122943 1645760 24.28
1428890360905076435 1428890360904740919 335516 24.29
1428890360932300075 1428890360931918465 381610 24.29
1428890360959485116 1428890360959135397 349719 24.30
1428890360986655171 1428890360986313369 341802 24.31
1428890361015416050 1428890361013938392 1477658 24.31
1428890361044251779 1428890361043743468 508311 24.32
1428890361071306832 1428890361071057626 249206 24.33
1428890361100886888 1428890361098860549 2026339 24.33
1428890361128875256 1428890361127880796 994460 24.34
1428890361157229142 1428890361155759328 1469814 24.35
1428890361186472875 1428890361184215807 2257068 24.35
1428890361216840292 1428890361213884429 2955863 24.36
1428890361912222076 1428890361910723295 1498781 24.06
1428890361941191728 1428890361939558850 1632878 24.06
1428890361968861395 1428890361968588663 272732 24.07
1428890362000213089 1428890361999114839 1098250 24.07
1428890362028888750 1428890362028566929 321821 24.08
1428890362058357501 1428890362057782093 575408 24.09
1428890362086966627 1428890362086315393 651234 24.09
1428890362115128428 1428890362114562024 566404 24.10
1428890362148805384 1428890362146993872 1811512 24.10
1428890362176113049 1428890362175828803 284246 24.11
1428890362203860546 1428890362203600111 260435 24.12
1428890362230923863 1428890362230712647 211216 24.12
1428890362259865117 1428890362259177782 687335 24.13
1428890362290518792 1428890362288679697 1839095 24.13
1428890362321315346 1428890362320115239 1200107 24.14
1428890362349761239 1428890362349355442 405797 24.15
1428890362377367888 1428890362376920598 447290 24.15
1428890362404898433 1428890362404380057 518376 24.16
1428890362431729260 1428890362431294954 434306 24.17
1428890362458537154 1428890362458182791 354363 24.17
1428890362485338062 1428890362484900764 437298 24.18
1428890362513229350 1428890362512830564 398786 24.19
1428890362540421824 1428890362539710786 711038 24.19
1428890362568589650 1428890362566972471 1617179 24.20
1428890362595619568 1428890362594956745 662823 24.21
1428890362622699173 1428890362622297587 401586 24.21
1428890362649988636 1428890362649497838 490798 24.22
1428890362678505978 1428890362677867723 638255 24.23
1428890362706277844 1428890362704753577 1524267 24.23
1428890362734386458 1428890362731793559 2592899 24.24
1428890362762520182 1428890362759922081 2598101 24.25
1428890362789760336 1428890362787972592 1787744 24.25
1428890362815435789 1428890362815013812 421977 24.26
1428890362843224598 1428890362842800411 424187 24.27
1428890362871557138 1428890362871075855 481283 24.27
1428890362899003664 1428890362898761459 242205 24.28
1428890362926125099 1428890362925830121 294978 24.29
1428890362953245033 1428890362953000277 244756 24.29
1428890362980711374 1428890362980189031 522343 24.30
1428890363009416975 1428890363007747397 1669578 24.30
1428890363036804325 1428890363036438287 366038 24.31
1428890363064488292 1428890363063734150 754142 24.32
1428890363096701420 1428890363091516885 5184535 24.32
1428890363121836506 1428890363119134927 2701579 24.33
1428890363146529880 1428890363146024951 504929 24.34
1428890363173295570 1428890363172864783 430787 24.34
1428890363200054206 1428890363199652144 402062 24.35
1428890363882036831 1428890363881649107 387724 24.07
1428890363910965114 1428890363910256004 709110 24.07
1428890363938077744 1428890363937846519 231225 24.08
1428890363965105197 1428890363964848876 256321 24.09
1428890363992386015 1428890363992169133 216882 24.09
1428890364020765426 1428890364020490455 274971 24.10
1428890364048481704 1428890364048245365 236339 24.11
1428890364078683241 1428890364077952144 731097 24.11
1428890364108930440 1428890364107387811 1542629 24.12
1428890364140528330 1428890364140125408 402922 24.12
1428890364169803074 1428890364168642808 1160266 24.13
1428890364201101819 1428890364200854386 247433 24.13
1428890364231431383 1428890364229744268 1687115 24.14
1428890364259152090 1428890364258902671 249419 24.14
1428890364286568865 1428890364286404356 164509 24.15
1428890364319051766 1428890364314994671 4057095 24.15
1428890364348467795 1428890364347917833 549962 24.16
1428890364377208795 1428890364376183580 1025215 24.17
1428890364405997446 1428890364405061375 936071 24.17
1428890364436181146 1428890364434361168 1819978 24.18
1428890364465573969 1428890364465362352 211617 24.18
1428890364501376699 1428890364497780081 3596618 24.18
1428890364529233135 1428890364528764676 468459 24.19
1428890364561061583 1428890364557674123 3387460 24.20
1428890364587289796 1428890364584805090 2484706 24.20
1428890364613076641 1428890364611648515 1428126 24.21
1428890364640516446 1428890364638568819 1947627 24.22
1428890364666120915 1428890364665448251 672664 24.22
1428890364694331928 1428890364692332654 1999274 24.23
1428890364722911889 1428890364721088522 1823367 24.24
1428890364752392846 1428890364749997220 2395626 24.24
1428890364779995884 1428890364777063428 2932456 24.25
1428890364805245431 1428890364804155512 1089919 24.25
1428890364831640582 1428890364831008318 632264 24.26
1428890364860435560 1428890364858185109 2250451 24.27
1428890364885384818 1428890364885135323 249495 24.27
1428890364918428704 1428890364916129497 2299207 24.28
1428890364945798014 1428890364945412124 385890 24.28
1428890364972751535 1428890364972246023 505512 24.29
1428890365000060170 1428890364999611527 448643 24.30
1428890365027284207 1428890365026878500 405707 24.30
1428890365059213176 1428890365057784517 1428659 24.31
1428890365088327183 1428890365087828413 498770 24.31
1428890365118730487 1428890365117409189 1321298 24.32
1428890365148005486 1428890365145866266 2139220 24.32
1428890365176921559 1428890365175156766 1764793 24.33
1428890365205284282 1428890365203948524 1335758 24.34
1428890365885128584 1428890365884530478 598106 24.06
1428890365914616045 1428890365914000016 616029 24.07
1428890365943982202 1428890365942515698 1466504 24.08
1428890365971474409 1428890365970984393 490016 24.08
1428890365999803832 1428890365999325789 478043 24.09
1428890366030551123 1428890366029118071 1433052 24.09
1428890366060524330 1428890366058768082 1756248 24.10
1428890366087651869 1428890366087343160 308709 24.10
1428890366114700291 1428890366114464072 236219 24.11
1428890366144865390 1428890366143520729 1344661 24.12
1428890366173061335 1428890366171841265 1220070 24.12
1428890366201684955 1428890366200392199 1292756 24.13
1428890366228930736 1428890366228574844 355892 24.13
1428890366266259620 1428890366262533888 3725732 24.14
1428890366294387544 1428890366293492411 895133 24.14
1428890366321462917 1428890366321376322 86595 24.15
1428890366351497384 1428890366351329336 168048 24.15
1428890366378730791 1428890366378514591 216200 24.16
1428890366405754655 1428890366405537388 217267 24.17
1428890366433232950 1428890366433067109 165841 24.17
1428890366465296477 1428890366464742140 554337 24.18
1428890366492550316 1428890366492255311 295005 24.18
1428890366519918700 1428890366519629176 289524 24.19
1428890366547094698 1428890366546798580 296118 24.19
1428890366574256793 1428890366574005683 251110 24.20
1428890366602907543 1428890366601138411 1769132 24.21
1428890366635739599 1428890366632491754 3247845 24.21
1428890366662172584 1428890366660538616 1633968 24.22
1428890366688655831 1428890366687821296 834535 24.22
1428890366715152559 1428890366714764884 387675 24.23
1428890366742290567 1428890366741810110 480457 24.24
1428890366772891560 1428890366769131121 3760439 24.24
1428890366800779769 1428890366800387128 392641 24.25
1428890366828014707 1428890366827663235 351472 24.25
1428890366857656298 1428890366857465781 190517 24.26
1428890366886338461 1428890366884688620 1649841 24.26
1428890366911927385 1428890366911771931 155454 24.27
1428890366940226898 1428890366939944356 282542 24.28
1428890366967434241 1428890366967146303 287938 24.28
1428890366994740247 1428890366994454333 285914 24.29
1428890367021921151 1428890367021652842 268309 24.29
1428890367049157307 1428890367048963780 193527 24.30
1428890367078491506 1428890367076233769 2257737 24.31
1428890367105916165 1428890367105570000 346165 24.31
1428890367135736607 1428890367132830039 2906568 24.32
1428890367164454436 1428890367162970207 1484229 24.32
1428890367193426626 1428890367192098216 1328410 24.33
1428890367222490300 1428890367220539981 1950319 24.33
1428890367906774475 1428890367905607722 1166753 24.07
1428890367933697409 1428890367932924306 773103 24.08
1428890367962350367 1428890367961049667 1300700 24.08
1428890367990700845 1428890367988314669 2386176 24.09
1428890368016834416 1428890368015143988 1690428 24.09
1428890368043712875 1428890368042049943 1662932 24.10
1428890368074311283 1428890368069411970 4899313 24.11
1428890368099333220 1428890368097892559 1440661 24.11
1428890368124847953 1428890368124709966 137987 24.12
1428890368155028815 1428890368154247816 780999 24.12
1428890368184201596 1428890368182974967 1226629 24.13
1428890368211478230 1428890368211129599 348631 24.14
1428890368238731470 1428890368238385308 346162 24.14
1428890368268269421 1428890368267999262 270159 24.15
1428890368299020062 1428890368297449245 1570817 24.15
1428890368326426022 1428890368325936209 489813 24.16
1428890368356865263 1428890368354708782 2156481 24.16
1428890368386492157 1428890368386287809 204348 24.17
1428890368414796741 1428890368414341257 455484 24.17
1428890368442011645 1428890368441264863 746782 24.18
1428890368469031634 1428890368468385366 646268 24.19
1428890368496520067 1428890368496018955 501112 24.19
1428890368523432648 1428890368523091226 341422 24.20
1428890368552131760 1428890368550153671 1978089 24.20
1428890368579437703 1428890368577130085 2307618 24.21
1428890368605871313 1428890368604148039 1723274 24.22
1428890368637497981 1428890368633110394 4387587 24.22
1428890368663950334 1428890368660240735 3709599 24.23
1428890368689430065 1428890368688681136 748929 24.23
1428890368716416364 1428890368715930327 486037 24.24
1428890368744706722 1428890368743419219 1287503 24.24
1428890368772435321 1428890368771722849 712472 24.25
1428890368799661824 1428890368799345486 316338 24.26
1428890368827968913 1428890368827361013 607900 24.26
1428890368862992135 1428890368862248419 743716 24.26
1428890368891579479 1428890368890006017 1573462 24.27
1428890368919170569 1428890368918566796 603773 24.28
1428890368946790302 1428890368946151845 638457 24.28
1428890368975365730 1428890368973762103 1603627 24.29
1428890369004109878 1428890369002372229 1737649 24.29
1428890369032807703 1428890369031281338 1526365 24.30
1428890369063533168 1428890369062572291 960877 24.30
1428890369092186050 1428890369090580460 1605590 24.31
1428890369120939107 1428890369119232518 1706589 24.31
1428890369150271080 1428890369147977115 2293965 24.32
1428890369179320112 1428890369178015450 1304662 24.32
1428890369208563906 1428890369206508146 2055760 24.33
1428890369899314756 1428890369898974224 340532 24.07
1428890369926581186 1428890369926191291 389895 24.08
1428890369953875303 1428890369953477309 397994 24.08
1428890369981150781 1428890369980788928 361853 24.09
1428890370008491271 1428890370008072185 419086 24.09
1428890370035759731 1428890370035370516 389215 24.10
1428890370062999807 1428890370062647602 352205 24.11
1428890370090212898 1428890370089884675 328223 24.11
1428890370117410108 1428890370117089787 320321 24.12
1428890370146605398 1428890370144476014 2129384 24.12
1428890370175299719 1428890370173767825 1531894 24.13
1428890370203651319 1428890370203061074 590245 24.13
1428890370233059832 1428890370230631357 2428475 24.14
1428890370261774626 1428890370260406275 1368351 24.14
1428890370290230684 1428890370289846755 383929 24.15
1428890370321700214 1428890370320381380 1318834 24.15
1428890370351312789 1428890370349000276 2312513 24.16
1428890370380456741 1428890370378608099 1848642 24.16
1428890370411201500 1428890370409486922 1714578 24.17
1428890370441610404 1428890370439911348 1699056 24.17
1428890370471223550 1428890370470880778 342772 24.18
1428890370498657249 1428890370498220946 436303 24.18
1428890370527178182 1428890370525826156 1352026 24.19
1428890370554823961 1428890370554191401 632560 24.19
1428890370583671576 1428890370581977230 1694346 24.20
1428890370612989469 1428890370610744358 2245111 24.21
1428890370640045851 1428890370639206868 838983 24.21
1428890370666592610 1428890370666120019 472591 24.22
1428890370695611672 1428890370694233988 1377684 24.22
1428890370724078377 1428890370722527329 1551048 24.23
1428890370753718583 1428890370751400158 2318425 24.23
1428890370782167182 1428890370781750986 416196 24.24
1428890370810075321 1428890370809729817 345504 24.24
1428890370837326186 1428890370836946304 379882 24.25
1428890370866748536 1428890370864400367 2348169 24.25
1428890370905551801 1428890370903414414 2137387 24.25
1428890370932933923 1428890370932671786 262137 24.26
1428890370962166611 1428890370959815353 2351258 24.27
1428890370990032212 1428890370989147967 884245 24.27
1428890371020604581 1428890371018540670 2063911 24.28
1428890371048050367 1428890371047599628 450739 24.28
1428890371077071776 1428890371075958294 1113482 24.29
1428890371110250050 1428890371108205082 2044968 24.29
1428890371137518706 1428890371137200596 318110 24.30
1428890371165377169 1428890371165105204 271965 24.30
1428890371193290371 1428890371193088383 201988 24.31
1428890371221155230 1428890371220847297 307933 24.31
1428890371914420512 1428890371912594107 1826405 24.06
1428890371941758756 1428890371941347428 411328 24.07
1428890371968411831 1428890371968155429 256402 24.07
1428890371996602993 1428890371995792968 810025 24.08
1428890372023849055 1428890372023547641 301414 24.09
1428890372050944382 1428890372050676155 268227 24.09
1428890372081079239 1428890372078960738 2118501 24.10
1428890372108363089 1428890372108061766 301323 24.10
1428890372135417604 1428890372135177857 239747 24.11
1428890372162461455 1428890372162214812 246643 24.11
1428890372189509015 1428890372189260189 248826 24.12
1428890372216602657 1428890372216310725 291932 24.12
1428890372243650569 1428890372243402176 248393 24.13
1428890372270704365 1428890372270454872 249493 24.14
1428890372297943506 1428890372297610355 333151 24.14
1428890372325060774 1428890372324765072 295702 24.15
1428890372355097326 1428890372351897057 3200269 24.15
1428890372384348447 1428890372383026543 1321904 24.16
1428890372411400511 1428890372411122473 278038 24.16
1428890372438611254 1428890372438223416 387838 24.17
1428890372466855233 1428890372465586376 1268857 24.17
1428890372494256350 1428890372493954304 302046 24.18
1428890372522702486 1428890372522565447 137039 24.18
1428890372552016129 1428890372549960028 2056101 24.19
1428890372579133959 1428890372578735589 398370 24.20
1428890372612718704 1428890372612448443 270261 24.20
1428890372641988891 1428890372640519253 1469638 24.20
1428890372669770280 1428890372669183667 586613 24.21
1428890372696893587 1428890372696678534 215053 24.21
1428890372726625512 1428890372725334063 1291449 24.22
1428890372755979729 1428890372754223199 1756530 24.22
1428890372783654571 1428890372783013231 641340 24.23
1428890372810874068 1428890372810548605 325463 24.23
1428890372837976395 1428890372837696843 279552 24.24
1428890372865254304 1428890372864807259 447045 24.25
1428890372893540397 1428890372892950271 590126 24.25
1428890372923097758 1428890372921700955 1396803 24.26
1428890372953435218 1428890372951376050 2059168 24.26
1428890372980676752 1428890372980373577 303175 24.27
1428890373008648262 1428890373008388496 259766 24.27
1428890373036177646 1428890373035589534 588112 24.28
1428890373063941341 1428890373062400094 1541247 24.28
1428890373090542109 1428890373089926692 615417 24.29
1428890373117412887 1428890373116813257 599630 24.29
1428890373144446459 1428890373143953073 493386 24.30
1428890373172149817 1428890373171482944 666873 24.30
1428890373199126639 1428890373198552837 573802 24.31
1428890373882430434 1428890373880353093 2077341 24.07
1428890373910796824 1428890373909040951 1755873 24.08
1428890373939259984 1428890373937898048 1361936 24.08
1428890373967891547 1428890373966222313 1669234 24.09
1428890373995336646 1428890373994958555 378091 24.09
1428890374023488281 1428890374023100255 388026 24.10
1428890374050875664 1428890374050423261 452403 24.10
1428890374078192980 1428890374077757587 435393 24.11
1428890374105516384 1428890374105052183 464201 24.12
1428890374135728182 1428890374133384203 2343979 24.12
1428890374165148956 1428890374163010944 2138012 24.12
1428890374193361809 1428890374192824820 536989 24.13
1428890374222092033 1428890374220401787 1690246 24.13
1428890374251017355 1428890374249228172 1789183 24.14
1428890374278639905 1428890374278058939 580966 24.15
1428890374307093826 1428890374305629305 1464521 24.15
1428890374334544662 1428890374334057517 487145 24.16
1428890374363926820 1428890374361577027 2349793 24.16
1428890374393293259 1428890374392343434 949825 24.16
1428890374420862365 1428890374419280317 1582048 24.17
1428890374448096704 1428890374446225001 1871703 24.18
1428890374473720247 1428890374473125315 594932 24.18
1428890374501987547 1428890374500919487 1068060 24.19
1428890374532080818 1428890374527850727 4230091 24.19
1428890374556688637 1428890374555843825 844812 24.20
1428890374584968567 1428890374584581175 387392 24.20
1428890374615519065 1428890374613155840 2363225 24.21
1428890374641159392 1428890374640142439 1016953 24.21
1428890374669583823 1428890374669048746 535077 24.22
1428890374696822363 1428890374696465603 356760 24.22
1428890374724151126 1428890374723685225 465901 24.23
1428890374752463798 1428890374751992813 470985 24.23
1428890374780319339 1428890374779350640 968699 24.24
1428890374807720965 1428890374807606807 114158 24.24
1428890374836831467 1428890374836310030 521437 24.25
1428890374866055090 1428890374865777048 278042 24.25
1428890374894502244 1428890374894142769 359475 24.26
1428890374924097037 1428890374923107837 989200 24.26
1428890374952674795 1428890374951405747 1269048 24.27
1428890374981482407 1428890374981041674 440733 24.27
1428890375009827407 1428890375009283711 543696 24.28
1428890375037872603 1428890375037622075 250528 24.28
1428890375064935107 1428890375064660968 274139 24.29
1428890375091981786 1428890375091714375 267411 24.29
1428890375121721045 1428890375120339346 1381699 24.30
1428890375150318716 1428890375148977176 1341540 24.30
1428890375180107571 1428890375177627809 2479762 24.31
1428890375207512195 1428890375207116629 395566 24.31
1428890375886972894 1428890375886311769 661125 24.08
1428890375916774728 1428890375915344585 1430143 24.09
1428890375944831048 1428890375944060853 770195 24.09
1428890375972435583 1428890375972007596 427987 24.10
1428890376002153119 1428890376000965727 1187392 24.10
1428890376031303964 1428890376029529712 1774252 24.11
1428890376060630046 1428890376058869766 1760280 24.11
1428890376088955235 1428890376087697092 1258143 24.12
1428890376117144870 1428890376115903432 1241438 24.12
1428890376144470911 1428890376144008142 462769 24.13
1428890376173391661 1428890376171701676 1689985 24.13
1428890376200719258 1428890376200349407 369851 24.14
1428890376230150986 1428890376229133762 1017224 24.14
1428890376258267822 1428890376258014984 252838 24.15
1428890376287267716 1428890376286451580 816136 24.15
1428890376315197370 1428890376314865332 332038 24.16
1428890376342545882 1428890376342052545 493337 24.16
1428890376370360576 1428890376369900097 460479 24.17
1428890376401835250 1428890376400375133 1460117 24.17
1428890376434429744 1428890376432275595 2154149 24.18
1428890376464907362 1428890376464695969 211393 24.18
1428890376492793046 1428890376492519023 274023 24.18
1428890376520275214 1428890376520136234 138980 24.19
1428890376548749962 1428890376548465201 284761 24.19
1428890376581699178 1428890376581095522 603656 24.20
1428890376610057405 1428890376609668358 389047 24.20
1428890376637958639 1428890376637697789 260850 24.21
1428890376665848565 1428890376665480510 368055 24.21
1428890376693233855 1428890376692812392 421463 24.22
1428890376722746318 1428890376719976699 2769619 24.22
1428890376747396426 1428890376746751495 644931 24.23
1428890376778922889 1428890376773766891 5155998 24.23
1428890376801429303 1428890376800761594 667709 24.24
1428890376829528624 1428890376827625604 1903020 24.24
1428890376860806333 1428890376854596013 6210320 24.25
1428890376882092646 1428890376881551188 541458 24.26
1428890376909137636 1428890376908406849 730787 24.26
1428890376935921466 1428890376935259845 661621 24.27
1428890376962882589 1428890376962121574 761015 24.27
1428890376990610959 1428890376989028785 1582174 24.28
1428890377016906416 1428890377015937653 968763 24.28
1428890377051438628 1428890377043220732 8217896 24.28
1428890377076776179 1428890377070438973 6337206 24.29
1428890377100960008 1428890377098218589 2741419 24.30
1428890377126496029 1428890377125288603 1207426 24.30
1428890377154040495 1428890377152316350 1724145 24.31
1428890377181303961 1428890377179329845 1974116 24.31
1428890377209066335 1428890377206435091 2631244 24.32
1428890377886414036 1428890377885787033 627003 24.10
1428890377914558700 1428890377913330627 1228073 24.10
1428890377943130192 1428890377942509129 621063 24.11
1428890377971863206 1428890377970156282 1706924 24.11
1428890378000234366 1428890377998859957 1374409 24.12
1428890378027657256 1428890378027208359 448897 24.12
1428890378054981911 1428890378054534504 447407 24.13
1428890378083024966 1428890378082712098 312868 24.13
1428890378110133757 1428890378109860210 273547 24.14
1428890378139558707 1428890378138204469 1354238 24.14
1428890378167663584 1428890378167090262 573322 24.15
1428890378194812051 1428890378194511794 300257 24.15
1428890378223971327 1428890378222993082 978245 24.16
1428890378252819362 1428890378251472063 1347299 24.16
1428890378279938982 1428890378279647315 291667 24.17
1428890378307015968 1428890378306748520 267448 24.17
1428890378336643073 1428890378335367776 1275297 24.18
1428890378364732570 1428890378363951127 781443 24.18
1428890378392641535 1428890378391732600 908935 24.19
1428890378420024456 1428890378418640357 1384099 24.19
1428890378447092056 1428890378445553544 1538512 24.20
1428890378473869527 1428890378472845204 1024323 24.20
1428890378502853206 1428890378500572517 2280689 24.21
1428890378529876824 1428890378527721490 2155334 24.21
1428890378556006313 1428890378554858906 1147407 24.22
1428890378583480648 1428890378581700474 1780174 24.22
1428890378610171934 1428890378608547388 1624546 24.23
1428890378637569509 1428890378635613564 1955945 24.23
1428890378663901055 1428890378662974240 926815 24.24
1428890378692835709 1428890378692569581 266128 24.24
1428890378726892193 1428890378726555085 337108 24.24
1428890378753998119 1428890378753790642 207477 24.25
1428890378781146309 1428890378780748098 398211 24.25
1428890378808937166 1428890378808220942 716224 24.26
1428890378836996190 1428890378835958445 1037745 24.26
1428890378868899728 1428890378868707683 192045 24.27
1428890378896964572 1428890378896808277 156295 24.27
1428890378928019651 1428890378926734573 1285078 24.28
1428890378957105644 1428890378955872963 1232681 24.28
1428890378985049209 1428890378984152018 897191 24.29
1428890379014696934 1428890379013130413 1566521 24.29
1428890379040886787 1428890379040445351 441436 24.29
1428890379068639449 1428890379068257962 381487 24.30
1428890379095905332 1428890379095509715 395617 24.30
1428890379124171467 1428890379123782728 388739 24.31
1428890379152228355 1428890379151900779 327576 24.31
1428890379181616677 1428890379179349284 2267393 24.32
1428890379211519177 1428890379209136385 2382792 24.32
1428890379898462869 1428890379898252024 210845 24.11
1428890379926407427 1428890379926092638 314789 24.11
1428890379954987965 1428890379953400485 1587480 24.11
1428890379982453271 1428890379981999058 454213 24.12
1428890380011615725 1428890380010077237 1538488 24.12
1428890380038963851 1428890380038593837 370014 24.13
1428890380066184147 1428890380065834346 349801 24.13
1428890380094602669 1428890380093192186 1410483 24.14
1428890380123264730 1428890380121734807 1529923 24.14
1428890380152243040 1428890380150474159 1768881 24.15
1428890380180709056 1428890380179372637 1336419 24.15
1428890380208024114 1428890380207718609 305505 24.16
1428890380235410081 1428890380234896783 513298 24.16
1428890380263727143 1428890380262784009 943134 24.17
1428890380292568464 1428890380290810675 1757789 24.17
1428890380319799906 1428890380319413345 386561 24.18
1428890380348857566 1428890380347103139 1754427 24.18
1428890380381180754 1428890380376786006 4394748 24.18
1428890380411503217 1428890380409444756 2058461 24.19
1428890380439785048 1428890380439190798 594250 24.19
1428890380467154824 1428890380466772368 382456 24.20
1428890380494515301 1428890380494044633 470668 24.20
1428890380521707998 1428890380521321843 386155 24.21
1428890380549894722 1428890380549494153 400569 24.21
1428890380577151048 1428890380576773384 377664 24.22
1428890380604277142 1428890380603979972 297170 24.22
1428890380631633854 1428890380631083417 550437 24.23
1428890380658352480 1428890380658001742 350738 24.23
1428890380685692193 1428890380685235888 456305 24.24
1428890380714752507 1428890380713461951 1290556 24.24
1428890380743019195 1428890380741718162 1301033 24.25
1428890380770897858 1428890380769930363 967495 24.25
1428890380799172188 1428890380797857418 1314770 24.26
1428890380827397294 1428890380827030054 367240 24.26
1428890380855312229 1428890380854938586 373643 24.26
1428890380882643742 1428890380882187463 456279 24.27
1428890380909423688 1428890380909064848 358840 24.27
1428890380936738696 1428890380936285115 453581 24.28
1428890380964919782 1428890380963641216 1278566 24.28
1428890380992136924 1428890380991774714 362210 24.29
1428890381019423823 1428890381019035488 388335 24.29
1428890381048268163 1428890381046806167 1461996 24.30
1428890381075527803 1428890381075229222 298581 24.30
1428890381102909128 1428890381102428387 480741 24.31
1428890381131741972 1428890381131249751 492221 24.31
1428890381160335063 1428890381158715482 1619581 24.32
1428890381188836457 1428890381187346572 1489885 24.32
1428890381216246938 1428890381215798317 448621 24.33
1428890381901668887 1428890381899747909 1920978 24.12
1428890381928617677 1428890381926673211 1944466 24.12
1428890381955488438 1428890381953642009 1846429 24.13
1428890381982605720 1428890381980718959 1886761 24.13
1428890382010140708 1428890382007961629 2179079 24.14
1428890382037264438 1428890382034925878 2338560 24.14
1428890382064072866 1428890382061858492 2214374 24.15
1428890382090941764 1428890382088807534 2134230 24.15
1428890382118198215 1428890382115904364 2293851 24.16
1428890382145745149 1428890382143067993 2677156 24.16
1428890382171672150 1428890382171299983 372167 24.17
1428890382200641759 1428890382200477970 163789 24.17
