1428890016851157492 1428890016850951485 206007 44.19
1428890016871844098 1428890016871599240 244858 46.17
1428890016894604760 1428890016894301203 303557 45.40
1428890016917028830 1428890016916753856 274974 45.20
1428890016938337421 1428890016938114245 223176 45.53
1428890016959925037 1428890016959094439 830598 45.66
1428890016980544425 1428890016979841963 702462 46.05
1428890017000439550 1428890016999976949 462601 46.54
1428890017020825915 1428890017020355331 470584 46.80
1428890017041296184 1428890017040790517 505667 47.00
1428890017061427616 1428890017060946841 480775 47.23
1428890017081731310 1428890017081387846 343464 47.39
1428890017103036064 1428890017102399755 636309 47.36
1428890017123198739 1428890017122644414 554325 47.51
1428890017143701486 1428890017143024630 676856 47.59
1428890017164930396 1428890017163556200 1374196 47.56
1428890017185141320 1428890017184559328 581992 47.67
1428890017205610667 1428890017205020163 590504 47.74
1428890017226230849 1428890017225655677 575172 47.77
1428890017247646259 1428890017245979098 1667161 47.72
1428890017269323078 1428890017267102153 2220925 47.64
1428890017288980786 1428890017287361342 1619444 47.78
1428890017308855225 1428890017307597060 1258165 47.88
1428890017328880352 1428890017327842705 1037647 47.97
1428890017349799303 1428890017348036487 1762816 47.96
1428890017376203314 1428890017370714919 5488395 47.47
1428890017397442547 1428890017395604349 1838198 47.46
1428890017419188112 1428890017418176150 1011962 47.40
1428890018252404822 1428890018252228819 176003 21.07
1428890018273618889 1428890018273394409 224480 21.45
1428890018294421286 1428890018294178271 243015 21.83
1428890018314931068 1428890018314572927 358141 22.20
1428890018335312466 1428890018335083854 228612 22.56
1428890018355685447 1428890018355442835 242612 22.92
1428890018376186859 1428890018375824337 362522 23.26
1428890018397325610 1428890018397046512 279098 23.58
1428890018417706842 1428890018417458417 248425 23.91
1428890018438076521 1428890018437834814 241707 24.23
1428890018458612331 1428890018458226582 385749 24.54
1428890018479028367 1428890018478771726 256641 24.84
1428890018499451017 1428890018499164674 286343 25.14
1428890018520283566 1428890018520115930 167636 25.42
1428890018540626118 1428890018540377158 248960 25.70
1428890018561091157 1428890018560770905 320252 25.97
1428890018581506859 1428890018581248971 257888 26.24
1428890018601892507 1428890018601634555 257952 26.50
1428890018622291982 1428890018621965419 326563 26.76
1428890018642793454 1428890018642464118 329336 27.01
1428890018663282733 1428890018662964757 317976 27.25
1428890018683931902 1428890018683535079 396823 27.49
1428890018704396652 1428890018704128877 267775 27.72
1428890018968477852 1428890018968226705 251147 25.23
1428890018989069843 1428890018988778956 290887 25.46
1428890019009452865 1428890019009197112 255753 25.68
1428890019035352873 1428890019031544095 3808778 25.83
1428890019053907521 1428890019051564835 2342686 26.06
1428890019072692235 1428890019071728938 963297 26.29
1428890019092530692 1428890019091907679 623013 26.50
1428890019112951401 1428890019112094523 856878 26.70
1428890019133624801 1428890019132237743 1387058 26.90
1428890019153782674 1428890019152437323 1345351 27.09
1428890019173888985 1428890019172683766 1205219 27.29
1428890019194231085 1428890019193611149 619936 27.48
1428890019214602433 1428890019213817896 784537 27.66
1428890019234849499 1428890019234022456 827043 27.84
1428890019255849323 1428890019254199517 1649806 28.01
1428890019275980043 1428890019274378683 1601360 28.19
1428890019296184101 1428890019294607615 1576486 28.37
1428890019315537815 1428890019314776915 760900 28.55
1428890019335786823 1428890019334969541 817282 28.72
1428890019356961736 1428890019355164985 1796751 28.87
1428890019376118445 1428890019375339614 778831 29.05
1428890019397321568 1428890019395990404 1331164 29.20
1428890019417319604 1428890019416649793 669811 29.36
1428890020086931016 1428890020085389769 1541247 23.94
1428890020107722687 1428890020107332787 389900 24.09
1428890020128643956 1428890020128233117 410839 24.24
1428890020150240003 1428890020149775324 464679 24.39
1428890020171664445 1428890020171145480 518965 24.53
1428890020192196174 1428890020191858325 337849 24.68
1428890020213986518 1428890020213790766 195752 24.81
1428890020235820840 1428890020235443790 377050 24.95
1428890020257935746 1428890020256381765 1553981 25.08
1428890020279386009 1428890020278958034 427975 25.21
1428890020299920517 1428890020299582791 337726 25.35
1428890020321641785 1428890020320424861 1216924 25.48
1428890020343866615 1428890020343133213 733402 25.60
1428890020365575529 1428890020365238092 337437 25.73
1428890020390345616 1428890020387529108 2816508 25.83
1428890020412000671 1428890020409926941 2073730 25.95
1428890020437416268 1428890020433480628 3935640 26.05
1428890020459852164 1428890020457347969 2504195 26.16
1428890020480608509 1428890020480150875 457634 26.29
1428890020504935918 1428890020502695118 2240800 26.38
1428890020525805598 1428890020525338184 467414 26.51
1428890020546376815 1428890020545962508 414307 26.63
1428890020567483215 1428890020567026724 456491 26.75
1428890021239827254 1428890021239311718 515536 23.12
1428890021261505053 1428890021261167792 337261 23.23
1428890021282228657 1428890021281837226 391431 23.35
1428890021302878828 1428890021302528675 350153 23.47
1428890021324027554 1428890021323310293 717261 23.58
1428890021346179277 1428890021344472167 1707110 23.68
1428890021366751032 1428890021366498430 252602 23.80
1428890021387976122 1428890021387039274 936848 23.91
1428890021410658481 1428890021409089593 1568888 24.01
1428890021431324877 1428890021430941313 383564 24.12
1428890021454438524 1428890021453723036 715488 24.21
1428890021478575542 1428890021476612405 1963137 24.30
1428890021503203620 1428890021501089942 2113678 24.39
1428890021526062032 1428890021525126345 935687 24.48
1428890021547964905 1428890021547682572 282333 24.58
1428890021568434104 1428890021568123362 310742 24.68
1428890021589037167 1428890021588632262 404905 24.79
1428890021611231669 1428890021609303415 1928254 24.88
1428890021633734673 1428890021631686410 2048263 24.97
1428890021656437800 1428890021654249195 2188605 25.06
1428890021680844292 1428890021677804780 3039512 25.14
1428890021701890924 1428890021701475234 415690 25.24
1428890021722488022 1428890021722090886 397136 25.34
1428890021997914910 1428890021997523336 391574 24.37
1428890022018604659 1428890022018187394 417265 24.47
1428890022039206408 1428890022038825391 381017 24.56
1428890022061284176 1428890022059526102 1758074 24.65
1428890022083042560 1428890022081637650 1404910 24.74
1428890022104791803 1428890022103359708 1432095 24.83
1428890022125481487 1428890022125105717 375770 24.92
1428890022147379671 1428890022145786501 1593170 25.01
1428890022169654384 1428890022167749860 1904524 25.09
1428890022190423535 1428890022189987982 435553 25.18
1428890022212323788 1428890022210694348 1629440 25.26
1428890022233972917 1428890022232655929 1316988 25.34
1428890022254839376 1428890022254353093 486283 25.43
1428890022276410142 1428890022275767128 643014 25.51
1428890022297174230 1428890022296681303 492927 25.60
1428890022320699338 1428890022320357449 341889 25.67
1428890022341307138 1428890022340927721 379417 25.76
1428890022361955888 1428890022361500601 455287 25.84
1428890022383209463 1428890022382736871 472592 25.92
1428890022404583035 1428890022404131872 451163 26.00
1428890022425968063 1428890022424800950 1167113 26.08
1428890022448134894 1428890022446337654 1797240 26.16
1428890022468976919 1428890022468634033 342886 26.24
1428890023131066746 1428890023130154633 912113 23.80
1428890023152631229 1428890023152305351 325878 23.88
1428890023173674550 1428890023172909284 765266 23.96
1428890023194801555 1428890023194191284 610271 24.03
1428890023217327933 1428890023215904510 1423423 24.10
1428890023237927245 1428890023237573936 353309 24.18
1428890023259006341 1428890023258220921 785420 24.26
1428890023279644268 1428890023279278047 366221 24.34
1428890023301418780 1428890023299847442 1571338 24.41
1428890023322046690 1428890023321638657 408033 24.49
1428890023342658664 1428890023342259805 398859 24.56
1428890023365095907 1428890023363785021 1310886 24.63
1428890023386670143 1428890023386184190 485953 24.70
1428890023407757263 1428890023406864569 892694 24.77
1428890023428305850 1428890023427937897 367953 24.85
1428890023449421999 1428890023448949793 472206 24.92
1428890023470244345 1428890023469951258 293087 24.99
1428890023490718216 1428890023490385134 333082 25.07
1428890023511138638 1428890023510861795 276843 25.14
1428890023531581117 1428890023531298444 282673 25.21
1428890023552088542 1428890023551736209 352333 25.28
1428890023573490285 1428890023573130348 359937 25.35
1428890023594121732 1428890023593688073 433659 25.42
1428890024266498711 1428890024264074740 2423971 23.39
1428890024286482192 1428890024284431043 2051149 23.46
1428890024306240089 1428890024304684226 1555863 23.54
1428890024325985481 1428890024324867066 1118415 23.61
1428890024346493682 1428890024345857829 635853 23.68
1428890024367550696 1428890024366902497 648199 23.74
1428890024389655760 1428890024387485598 2170162 23.81
1428890024409127139 1428890024408786606 340533 23.88
1428890024430194449 1428890024429909426 285023 23.94
1428890024451752024 1428890024451449491 302533 24.01
1428890024473241194 1428890024472915622 325572 24.07
1428890024499267373 1428890024494919098 4348275 24.12
1428890024523675543 1428890024521587062 2088481 24.17
1428890024546203071 1428890024544001327 2201744 24.23
1428890024566972880 1428890024566559540 413340 24.29
1428890024588955330 1428890024587273734 1681596 24.35
1428890024609720669 1428890024609227181 493488 24.42
1428890024631018722 1428890024629987532 1031190 24.48
1428890024652993725 1428890024652439381 554344 24.54
1428890024676986279 1428890024673281656 3704623 24.59
1428890024704139635 1428890024703731093 408542 24.63
1428890024724726864 1428890024724056761 670103 24.70
1428890024745023345 1428890024744299931 723414 24.76
1428890025013352671 1428890025012836027 516644 24.19
1428890025034648688 1428890025033393921 1254767 24.25
1428890025054968930 1428890025053552711 1416219 24.31
1428890025075933131 1428890025074322755 1610376 24.37
1428890025097367015 1428890025094568476 2798539 24.43
1428890025117971944 1428890025117275321 696623 24.49
1428890025139362320 1428890025138555888 806432 24.55
1428890025160546503 1428890025159118449 1428054 24.60
1428890025180833833 1428890025179240804 1593029 24.66
1428890025199980037 1428890025199495055 484982 24.73
1428890025220311386 1428890025219922338 389048 24.79
1428890025240947999 1428890025240372187 575812 24.84
1428890025262318407 1428890025260675583 1642824 24.90
1428890025281699651 1428890025281019726 679925 24.96
1428890025301872418 1428890025301279399 593019 25.02
1428890025323742072 1428890025321610640 2131432 25.07
1428890025342233933 1428890025341922377 311556 25.14
1428890025362772931 1428890025362405233 367698 25.19
1428890025384166514 1428890025382939023 1227491 25.25
1428890025404529981 1428890025404113000 416981 25.30
1428890025425982392 1428890025424944102 1038290 25.36
1428890025447457589 1428890025447059044 398545 25.41
1428890025468041837 1428890025467669699 372138 25.46
1428890026134777225 1428890026133320416 1456809 23.85
1428890026155702848 1428890026155283547 419301 23.91
1428890026177304013 1428890026176851579 452434 23.96
1428890026197889687 1428890026197454375 435312 24.01
1428890026219257962 1428890026218873423 384539 24.07
1428890026241463474 1428890026240920009 543465 24.12
1428890026265569679 1428890026265072843 496836 24.16
1428890026286582394 1428890026285842883 739511 24.21
1428890026314566331 1428890026309170249 5396082 24.25
1428890026330388189 1428890026329959800 428389 24.31
1428890026352037964 1428890026350653680 1384284 24.36
1428890026374024004 1428890026372368951 1655053 24.41
1428890026395989364 1428890026394386574 1602790 24.46
1428890026416882369 1428890026416337277 545092 24.51
1428890026438726416 1428890026437153199 1573217 24.56
1428890026459313479 1428890026458945511 367968 24.61
1428890026481406417 1428890026479698073 1708344 24.66
1428890026502033539 1428890026501596539 437000 24.71
1428890026523338066 1428890026522894306 443760 24.76
1428890026544354303 1428890026543963288 391015 24.80
1428890026565004573 1428890026564569559 435014 24.85
1428890026585720383 1428890026585239524 480859 24.90
1428890026609634644 1428890026607632309 2002335 24.95
1428890027274825293 1428890027274515198 310095 23.55
1428890027295390250 1428890027295019319 370931 23.60
1428890027316847777 1428890027316493407 354370 23.65
1428890027339316089 1428890027338894633 421456 23.69
1428890027360506746 1428890027360049771 456975 23.74
1428890027381310360 1428890027380980433 329927 23.79
1428890027405169670 1428890027403330220 1839450 23.83
1428890027425669751 1428890027425448727 221024 23.87
1428890027446028954 1428890027445795032 233922 23.92
1428890027469086546 1428890027467479798 1606748 23.96
1428890027490633936 1428890027489889829 744107 24.01
1428890027511789129 1428890027511523898 265231 24.06
1428890027534223503 1428890027533126966 1096537 24.10
1428890027556789873 1428890027555031134 1758739 24.14
1428890027577934560 1428890027577172630 761930 24.19
1428890027599221533 1428890027598786618 434915 24.23
1428890027621250812 1428890027620489278 761534 24.28
1428890027643667453 1428890027641760695 1906758 24.32
1428890027664535870 1428890027664092867 443003 24.36
1428890027687243119 1428890027684986786 2256333 24.40
1428890027709809697 1428890027708374873 1434824 24.45
1428890027732217152 1428890027730299336 1917816 24.49
1428890027753671940 1428890027752713100 958840 24.53
1428890028029191733 1428890028029061515 130218 24.11
1428890028049717783 1428890028049612838 104945 24.15
1428890028070278494 1428890028070091799 186695 24.20
1428890028090853348 1428890028090542064 311284 24.24
1428890028111814759 1428890028111599160 215599 24.28
1428890028132582291 1428890028132312656 269635 24.33
1428890028153212720 1428890028152877240 335480 24.37
1428890028174678324 1428890028174362552 315772 24.41
1428890028196374713 1428890028196054174 320539 24.45
1428890028217798080 1428890028217509184 288896 24.50
1428890028239114582 1428890028238796463 318119 24.54
1428890028261516359 1428890028261189959 326400 24.58
1428890028283182310 1428890028282085378 1096932 24.62
1428890028303648445 1428890028303469810 178635 24.66
1428890028324460468 1428890028324267777 192691 24.70
1428890028345691538 1428890028345407341 284197 24.75
1428890028366865647 1428890028366721168 144479 24.79
1428890028388208770 1428890028388058016 150754 24.83
1428890028409749995 1428890028409468098 281897 24.87
1428890028430264433 1428890028430069357 195076 24.91
1428890028451052707 1428890028450674981 377726 24.95
1428890028473110880 1428890028472178978 931902 24.99
1428890028499982500 1428890028498443880 1538620 25.02
1428890029159802714 1428890029157241090 2561624 23.84
1428890029179338035 1428890029178338614 999421 23.89
1428890029200814969 1428890029198570593 2244376 23.92
1428890029220963573 1428890029218853154 2110419 23.97
1428890029240939300 1428890029239106398 1832902 24.01
1428890029263309043 1428890029259603554 3705489 24.05
1428890029282849897 1428890029279809248 3040649 24.09
1428890029301970180 1428890029300053515 1916665 24.13
1428890029324538389 1428890029321646129 2892260 24.17
1428890029343518884 1428890029341851764 1667120 24.21
1428890029364522950 1428890029362110995 2411955 24.25
1428890029386198436 1428890029382413325 3785111 24.29
1428890029408044836 1428890029402891866 5152970 24.33
1428890029423881191 1428890029423607528 273663 24.37
1428890029445584264 1428890029445241178 343086 24.41
1428890029467447467 1428890029467026312 421155 24.45
1428890029488163375 1428890029487670737 492638 24.49
1428890029509940188 1428890029509605245 334943 24.52
1428890029530547921 1428890029530128947 418974 24.56
1428890029556271982 1428890029555966205 305777 24.59
1428890029577363531 1428890029576918401 445130 24.63
1428890029598726544 1428890029597978405 748139 24.67
1428890029619023953 1428890029618225814 798139 24.71
1428890030279145908 1428890030278696034 449874 23.64
1428890030299624649 1428890030298892485 732164 23.68
1428890030320496866 1428890030319083315 1413551 23.72
1428890030340745288 1428890030339964902 780386 23.76
1428890030361535282 1428890030360738537 796745 23.79
1428890030381927384 1428890030380924046 1003338 23.83
1428890030401946507 1428890030401071055 875452 23.87
1428890030423935912 1428890030422400411 1535501 23.91
1428890030443247049 1428890030442662174 584875 23.94
1428890030463957047 1428890030463037430 919617 23.98
1428890030485985766 1428890030485020627 965139 24.02
1428890030506505409 1428890030505901844 603565 24.05
1428890030526958938 1428890030525922183 1036755 24.09
1428890030548524885 1428890030546293252 2231633 24.13
1428890030567076439 1428890030566480528 595911 24.17
1428890030588778936 1428890030586802741 1976195 24.20
1428890030613037563 1428890030607399777 5637786 24.23
1428890030629503154 1428890030628968565 534589 24.27
1428890030651493791 1428890030649807711 1686080 24.31
1428890030672044146 1428890030671556684 487462 24.34
1428890030692629992 1428890030692351789 278203 24.38
1428890030713944539 1428890030713083644 860895 24.41
1428890030735979683 1428890030735374778 604905 24.45
1428890031010507103 1428890031009900416 606687 24.12
1428890031031442454 1428890031030973289 469165 24.15
1428890031051930048 1428890031051645707 284341 24.19
1428890031072260623 1428890031072024359 236264 24.22
1428890031093973671 1428890031092563756 1409915 24.25
1428890031115525535 1428890031114339255 1186280 24.29
1428890031136453020 1428890031135905036 547984 24.32
1428890031158419798 1428890031157927326 492472 24.35
1428890031178999977 1428890031178613218 386759 24.39
1428890031200932723 1428890031199478580 1454143 24.42
1428890031225474144 1428890031225285257 188887 24.45
1428890031250083177 1428890031249340406 742771 24.48
1428890031271699983 1428890031271161305 538678 24.51
1428890031295116647 1428890031293537880 1578767 24.54
1428890031315792001 1428890031315347023 444978 24.57
1428890031336247327 1428890031335930222 317105 24.61
1428890031359095047 1428890031358736210 358837 24.64
1428890031379794346 1428890031379302855 491491 24.67
1428890031401212149 1428890031400014464 1197685 24.70
1428890031422998375 1428890031421523593 1474782 24.74
1428890031445437917 1428890031443738051 1699866 24.77
1428890031466233852 1428890031465752574 481278 24.80
1428890031487184477 1428890031486397032 787445 24.83
1428890032146918939 1428890032146713629 205310 23.89
1428890032168835900 1428890032167227984 1607916 23.92
1428890032188812380 1428890032187811842 1000538 23.96
1428890032210342615 1428890032209905392 437223 23.99
1428890032230941082 1428890032230576201 364881 24.02
1428890032251551313 1428890032251222390 328923 24.05
1428890032272318295 1428890032271889781 428514 24.09
1428890032293792465 1428890032293364903 427562 24.12
1428890032316291701 1428890032314948527 1343174 24.15
1428890032336820573 1428890032336504544 316029 24.18
1428890032357273620 1428890032357064414 209206 24.21
1428890032378761437 1428890032378447036 314401 24.24
1428890032399130437 1428890032398882323 248114 24.28
1428890032420283918 1428890032419930238 353680 24.31
1428890032441522601 1428890032441016545 506056 24.34
1428890032462075928 1428890032461790494 285434 24.37
1428890032482502153 1428890032482228728 273425 24.40
1428890032502979286 1428890032502690619 288667 24.43
1428890032523962899 1428890032523482765 480134 24.47
1428890032544333414 1428890032543909721 423693 24.50
1428890032567260901 1428890032565112729 2148172 24.53
1428890032587886527 1428890032587632667 253860 24.56
1428890032609229486 1428890032608043386 1186100 24.59
1428890033275163232 1428890033273223394 1939838 23.71
1428890033295786932 1428890033295460408 326524 23.74
1428890033316227793 1428890033315950637 277156 23.78
1428890033336623150 1428890033336369915 253235 23.81
1428890033358707256 1428890033356821262 1885994 23.84
1428890033379337118 1428890033379013216 323902 23.87
1428890033401391453 1428890033399652240 1739213 23.89
1428890033422145203 1428890033421663380 481823 23.92
1428890033442581796 1428890033442338561 243235 23.96
1428890033462967780 1428890033462718412 249368 23.99
1428890033483874796 1428890033483465990 408806 24.02
1428890033504296235 1428890033504041040 255195 24.05
1428890033524960579 1428890033524475850 484729 24.08
1428890033551156118 1428890033549072875 2083243 24.10
1428890033571741666 1428890033571470641 271025 24.13
1428890033592126455 1428890033591864254 262201 24.16
1428890033612490204 1428890033612254818 235386 24.19
1428890033635403410 1428890033633542069 1861341 24.22
1428890033656926177 1428890033655703465 1222712 24.24
1428890033679504566 1428890033678876894 627672 24.27
1428890033701220639 1428890033700852498 368141 24.30
1428890033723309527 1428890033721527904 1781623 24.33
1428890033745878276 1428890033745140202 738074 24.35
1428890034012875107 1428890034012597017 278090 24.09
1428890034033376422 1428890034033035153 341269 24.12
1428890034054720638 1428890034053551954 1168684 24.15
1428890034075175103 1428890034074872693 302410 24.18
1428890034095863361 1428890034095327006 536355 24.21
1428890034116764028 1428890034116332928 431100 24.24
1428890034141179683 1428890034138754298 2425385 24.26
1428890034160828232 1428890034159232614 1595618 24.29
1428890034183237844 1428890034182937862 299982 24.32
1428890034204984220 1428890034204540977 443243 24.34
1428890034226486818 1428890034226018021 468797 24.37
1428890034247476927 1428890034247351839 125088 24.40
1428890034271474795 1428890034269663114 1811681 24.42
1428890034292119152 1428890034291801067 318085 24.45
1428890034313705705 1428890034312471860 1233845 24.48
1428890034334335755 1428890034334012941 322814 24.51
1428890034354932127 1428890034354532949 399178 24.53
1428890034375683286 1428890034375338669 344617 24.56
1428890034399320825 1428890034397127481 2193344 24.59
1428890034420657340 1428890034417957201 2700139 24.61
1428890034438644499 1428890034438138507 505992 24.64
1428890034461960892 1428890034459020272 2940620 24.67
1428890034479706045 1428890034479267218 438827 24.70
1428890035146296763 1428890035146133907 162856 23.91
1428890035167655924 1428890035167350219 305705 23.94
1428890035188907439 1428890035187794912 1112527 23.96
1428890035209316212 1428890035209067446 248766 23.99
1428890035229698067 1428890035229453627 244440 24.02
1428890035253353716 1428890035251306179 2047537 24.04
1428890035273934969 1428890035273655869 279100 24.07
1428890035294365531 1428890035294125452 240079 24.10
1428890035317424680 1428890035315085536 2339144 24.12
1428890035340138789 1428890035338279139 1859650 24.15
1428890035364866906 1428890035363158720 1708186 24.17
1428890035385352726 1428890035385036849 315877 24.20
1428890035407598447 1428890035405824258 1774189 24.22
1428890035428192557 1428890035427891726 300831 24.25
1428890035448606442 1428890035448340397 266045 24.27
1428890035469115763 1428890035468752066 363697 24.30
1428890035490804704 1428890035489987514 817190 24.33
1428890035512676368 1428890035512266517 409851 24.35
1428890035534257817 1428890035534032869 224948 24.38
1428890035556280922 1428890035555721033 559889 24.40
1428890035576726859 1428890035576300023 426836 24.43
1428890035597331291 1428890035597107393 223898 24.46
1428890035617682829 1428890035617472308 210521 24.48
1428890036284343335 1428890036283676878 666457 23.75
1428890036304883166 1428890036304057308 825858 23.77
1428890036325460114 1428890036325191108 269006 23.80
1428890036348549985 1428890036348358866 191119 23.82
1428890036369016174 1428890036368811212 204962 23.85
1428890036389463893 1428890036389203952 259941 23.87
1428890036409845992 1428890036409621664 224328 23.90
1428890036434127609 1428890036433822763 304846 23.92
1428890036456360530 1428890036455395468 965062 23.95
1428890036479670169 1428890036478205782 1464387 23.97
1428890036500508821 1428890036500105386 403435 23.99
1428890036522843629 1428890036521687909 1155720 24.02
1428890036551231154 1428890036549184643 2046511 24.03
1428890036572947662 1428890036572107729 839933 24.06
1428890036593585671 1428890036593220311 365360 24.08
1428890036617366302 1428890036615107861 2258441 24.10
1428890036642110027 1428890036640243236 1866791 24.12
1428890036663607487 1428890036662849746 757741 24.15
1428890036685802003 1428890036685437356 364647 24.17
1428890036707029109 1428890036706805968 223141 24.20
1428890036727579754 1428890036727286827 292927 24.22
1428890036748074482 1428890036747802295 272187 24.25
1428890036768528011 1428890036768305055 222956 24.27
1428890037037502503 1428890037036956104 546399 24.05
1428890037058269757 1428890037057539326 730431 24.07
1428890037078233442 1428890037077775198 458244 24.10
1428890037099062029 1428890037098451695 610334 24.12
1428890037119106856 1428890037118629787 477069 24.15
1428890037139399478 1428890037139163665 235813 24.17
1428890037159811871 1428890037159355379 456492 24.20
1428890037180148609 1428890037179636026 512583 24.22
1428890037200642280 1428890037200003672 638608 24.25
1428890037220881658 1428890037220298544 583114 24.27
1428890037242227135 1428890037240762609 1464526 24.30
1428890037262808716 1428890037262460996 347720 24.32
1428890037283423091 1428890037283054504 368587 24.35
1428890037305691814 1428890037303786797 1905017 24.37
1428890037326516788 1428890037326085101 431687 24.39
1428890037348069824 1428890037347652633 417191 24.42
1428890037369579355 1428890037369153123 426232 24.44
1428890037391946778 1428890037391305729 641049 24.46
1428890037415436133 1428890037413583778 1852355 24.48
1428890037436554197 1428890037436224429 329768 24.51
1428890037458690856 1428890037457922462 768394 24.53
1428890037479413742 1428890037479036392 377350 24.55
1428890037501032984 1428890037499638440 1394544 24.57
1428890038171552540 1428890038170485398 1067142 23.90
1428890038193346165 1428890038192909314 436851 23.92
1428890038214546098 1428890038214111681 434417 23.94
1428890038237240182 1428890038235501393 1738789 23.96
1428890038258547214 1428890038257720084 827130 23.99
1428890038279285285 1428890038278874447 410838 24.01
1428890038299989278 1428890038299498433 490845 24.03
1428890038322113896 1428890038321374037 739859 24.05
1428890038342735582 1428890038342470665 264917 24.08
1428890038363214689 1428890038362947270 267419 24.10
1428890038384110135 1428890038383513682 596453 24.12
1428890038406084531 1428890038404369454 1715077 24.15
1428890038428810970 1428890038428471280 339690 24.17
1428890038450653191 1428890038449983594 669597 24.19
1428890038472641973 1428890038472170694 471279 24.21
1428890038495857527 1428890038493922082 1935445 24.23
1428890038515503709 1428890038514924851 578858 24.25
1428890038536104189 1428890038535524263 579926 24.28
1428890038556382732 1428890038555880882 501850 24.30
1428890038577041759 1428890038576157166 884593 24.32
1428890038598617864 1428890038596492726 2125138 24.35
1428890038617260545 1428890038616780097 480448 24.37
1428890038637632222 1428890038636980948 651274 24.39
1428890039297862008 1428890039297228766 633242 23.77
1428890039320771125 1428890039319673689 1097436 23.79
1428890039342775190 1428890039340103807 2671383 23.81
1428890039366274568 1428890039363328181 2946387 23.83
1428890039384352904 1428890039383675113 677791 23.85
1428890039404647313 1428890039404022629 624684 23.87
1428890039425421129 1428890039424974621 446508 23.90
1428890039446912495 1428890039446452043 460452 23.92
1428890039467568901 1428890039467146905 421996 23.94
1428890039488059166 1428890039487748797 310369 23.96
1428890039510159996 1428890039508282108 1877888 23.98
1428890039534094664 1428890039532452159 1642505 24.00
1428890039556171959 1428890039555459251 712708 24.02
1428890039578024693 1428890039576916978 1107715 24.04
1428890039598931966 1428890039597542251 1389715 24.07
1428890039619423754 1428890039617888870 1534884 24.09
1428890039640639650 1428890039638368355 2271295 24.11
1428890039661322406 1428890039659214397 2108009 24.13
1428890039681443464 1428890039679595514 1847950 24.15
1428890039701816159 1428890039701350593 465566 24.18
1428890039722464297 1428890039722010367 453930 24.20
1428890039744265165 1428890039742761219 1503946 24.22
1428890039765407601 1428890039764806783 600818 24.24
1428890040031668709 1428890040031373200 295509 24.05
1428890040053450036 1428890040051834083 1615953 24.07
1428890040074197360 1428890040073749782 447578 24.09
1428890040095410951 1428890040095008114 402837 24.11
1428890040116304776 1428890040115688360 616416 24.13
1428890040137337153 1428890040136615592 721561 24.15
1428890040158362115 1428890040157758833 603282 24.18
1428890040179570368 1428890040178677183 893185 24.20
1428890040200322864 1428890040199882525 440339 24.22
1428890040222916463 1428890040221683832 1232631 24.24
1428890040243606634 1428890040243250256 356378 24.26
1428890040264217718 1428890040263817727 399991 24.28
1428890040286305173 1428890040284562871 1742302 24.30
1428890040307055533 1428890040306617048 438485 24.32
1428890040328542692 1428890040328054624 488068 24.34
1428890040350676920 1428890040349173393 1503527 24.36
1428890040375097721 1428890040374657051 440670 24.38
1428890040397469955 1428890040397277985 191970 24.40
1428890040418188724 1428890040417592140 596584 24.42
1428890040438187371 1428890040437926007 261364 24.44
1428890040462442203 1428890040458440295 4001908 24.46
1428890040483699334 1428890040483423375 275959 24.48
1428890040505629149 1428890040503867436 1761713 24.50
1428890041175606863 1428890041174053950 1552913 23.90
1428890041195622741 1428890041194974599 648142 23.93
1428890041216547594 1428890041215186530 1361064 23.95
1428890041241566035 1428890041235794679 5771356 23.96
1428890041258189802 1428890041256181890 2007912 23.99
1428890041278322646 1428890041276811830 1510816 24.01
1428890041298763579 1428890041298349634 413945 24.03
1428890041321070014 1428890041319274037 1795977 24.05
1428890041341702259 1428890041341369908 332351 24.07
1428890041362327777 1428890041361954586 373191 24.09
1428890041384589389 1428890041382662851 1926538 24.11
1428890041405219796 1428890041404924449 295347 24.13
1428890041425991076 1428890041425468956 522120 24.15
1428890041447696036 1428890041446309266 1386770 24.17
1428890041469611208 1428890041468015737 1595471 24.19
1428890041493074333 1428890041489993501 3080832 24.20
1428890041515335523 1428890041513469997 1865526 24.22
1428890041537416309 1428890041537070769 345540 24.24
1428890041557971023 1428890041557595003 376020 24.26
1428890041578641314 1428890041578186393 454921 24.28
1428890041600508053 1428890041599555136 952917 24.30
1428890041624379781 1428890041620937421 3442360 24.32
1428890041647323317 1428890041645036680 2286637 24.34
1428890042323409398 1428890042323221947 187451 23.77
1428890042344122573 1428890042343820524 302049 23.79
1428890042365235018 1428890042364939686 295332 23.81
1428890042386332030 1428890042385978114 353916 23.83
1428890042406901725 1428890042406524735 376990 23.85
1428890042428027562 1428890042427697282 330280 23.87
1428890042448621557 1428890042448234167 387390 23.89
1428890042471609602 1428890042470543638 1065964 23.91
1428890042492225809 1428890042491795362 430447 23.92
1428890042512915646 1428890042512555894 359752 23.94
1428890042533248195 1428890042532746251 501944 23.96
1428890042556789331 1428890042554242632 2546699 23.98
1428890042574914988 1428890042574460590 454398 24.00
1428890042598928002 1428890042596043985 2884017 24.02
1428890042617998200 1428890042616607450 1390750 24.04
1428890042638563833 1428890042638248857 314976 24.06
1428890042659141279 1428890042658755925 385354 24.08
1428890042682887932 1428890042682164039 723893 24.10
1428890042704237832 1428890042703968267 269565 24.12
1428890042726766459 1428890042724681567 2084892 24.13
1428890042749540209 1428890042747294112 2246097 24.15
1428890042772056529 1428890042770012692 2043837 24.17
1428890042793197776 1428890042792868527 329249 24.19
1428890043060030766 1428890043059698101 332665 24.02
1428890043081776936 1428890043080275786 1501150 24.04
1428890043103136690 1428890043102085294 1051396 24.05
1428890043123662773 1428890043123373369 289404 24.07
1428890043144098267 1428890043143810831 287436 24.09
1428890043164572013 1428890043164265779 306234 24.11
1428890043185184624 1428890043184761928 422696 24.13
1428890043206485505 1428890043206088665 396840 24.15
1428890043227140447 1428890043226702766 437681 24.17
1428890043248523722 1428890043248109562 414160 24.19
1428890043269976326 1428890043269480840 495486 24.20
1428890043290920578 1428890043290339993 580585 24.22
1428890043313291485 1428890043313019892 271593 24.24
1428890043334985112 1428890043334648037 337075 24.26
1428890043358727061 1428890043357405349 1321712 24.27
1428890043381117780 1428890043379052148 2065632 24.29
1428890043401852034 1428890043401408713 443321 24.31
1428890043423726264 1428890043422278645 1447619 24.33
1428890043445819502 1428890043444231542 1587960 24.35
1428890043466586347 1428890043466094069 492278 24.36
1428890043489434781 1428890043488247126 1187655 24.38
1428890043510903648 1428890043509688128 1215520 24.40
1428890043531786477 1428890043531220348 566129 24.42
1428890044200539757 1428890044199269960 1269797 23.89
1428890044221914245 1428890044220903447 1010798 23.91
1428890044245475816 1428890044241908325 3567491 23.93
1428890044263552949 1428890044262781347 771602 23.95
1428890044287081056 1428890044284539977 2541079 23.96
1428890044305821725 1428890044305028547 793178 23.98
1428890044325684755 1428890044325214447 470308 24.00
1428890044348053911 1428890044345493757 2560154 24.02
1428890044366251293 1428890044365683866 567427 24.04
1428890044386552415 1428890044385875863 676552 24.06
1428890044407239494 1428890044406066099 1173395 24.08
1428890044426870916 1428890044426218949 651967 24.10
1428890044446865711 1428890044446550689 315022 24.11
1428890044467437439 1428890044467054729 382710 24.13
1428890044488020864 1428890044487615802 405062 24.15
1428890044512139847 1428890044510533542 1606305 24.17
1428890044533673579 1428890044533390959 282620 24.18
1428890044554986995 1428890044554660567 326428 24.20
1428890044575414711 1428890044575180288 234423 24.22
1428890044595638251 1428890044595377334 260917 24.24
1428890044617257013 1428890044615958334 1298679 24.25
1428890044638267663 1428890044637814886 452777 24.27
1428890044661503752 1428890044659413701 2090051 24.29
1428890044931046190 1428890044930698536 347654 24.13
1428890044951879355 1428890044951564239 315116 24.14
1428890044974397494 1428890044972382548 2014946 24.16
1428890045000408757 1428890044999873968 534789 24.17
1428890045024281480 1428890045022379309 1902171 24.19
1428890045046035078 1428890045045130578 904500 24.20
1428890045067050003 1428890045066412631 637372 24.22
1428890045089269709 1428890045087479190 1790519 24.24
1428890045111089543 1428890045109767646 1321897 24.26
1428890045133151941 1428890045131462514 1689427 24.27
1428890045154949361 1428890045153548798 1400563 24.29
1428890045176803271 1428890045175296086 1507185 24.30
1428890045197567514 1428890045197091997 475517 24.32
1428890045219062883 1428890045217778611 1284272 24.34
1428890045241006628 1428890045239330888 1675740 24.36
1428890045262561780 1428890045261263361 1298419 24.37
1428890045283260814 1428890045282876119 384695 24.39
1428890045303669748 1428890045303419671 250077 24.41
1428890045324067822 1428890045323799824 267998 24.42
1428890045346005650 1428890045345551582 454068 24.44
1428890045366493885 1428890045366209598 284287 24.46
1428890045386921008 1428890045386642892 278116 24.48
1428890045407365299 1428890045407066405 298894 24.49
1428890046069232120 1428890046068956371 275749 24.01
1428890046093358424 1428890046091844228 1514196 24.02
1428890046116086535 1428890046114412619 1673916 24.04
1428890046139876134 1428890046137720525 2155609 24.05
1428890046160556894 1428890046160223749 333145 24.07
1428890046180962541 1428890046180712680 249861 24.09
1428890046205915120 1428890046205644354 270766 24.10
1428890046227279870 1428890046226886366 393504 24.12
1428890046248033559 1428890046247338125 695434 24.13
1428890046268149725 1428890046267808593 341132 24.15
1428890046288946563 1428890046288324122 622441 24.17
1428890046309275046 1428890046308787852 487194 24.19
1428890046330009635 1428890046329253959 755676 24.20
1428890046350269195 1428890046349883715 385480 24.22
1428890046371032293 1428890046370523291 509002 24.24
1428890046392120314 1428890046391074862 1045452 24.25
1428890046412951783 1428890046411154238 1797545 24.27
1428890046437964960 1428890046432849585 5115375 24.28
1428890046453677016 1428890046453280579 396437 24.30
1428890046475088762 1428890046473555048 1533714 24.32
1428890046494338872 1428890046493759922 578950 24.34
1428890046514447403 1428890046513849077 598326 24.35
1428890046534832494 1428890046534117664 714830 24.37
1428890047195128681 1428890047191367610 3761071 23.91
1428890047218324349 1428890047212944478 5379871 23.92
1428890047234756860 1428890047233156683 1600177 23.94
1428890047255849909 1428890047253394954 2454955 23.96
1428890047275349045 1428890047273691393 1657652 23.98
1428890047295710269 1428890047294294223 1416046 23.99
1428890047315884785 1428890047315568850 315935 24.01
1428890047339115193 1428890047337017847 2097346 24.02
1428890047364487682 1428890047360355262 4132420 24.04
1428890047382559992 1428890047382282225 277767 24.06
1428890047403036954 1428890047402713882 323072 24.07
1428890047423542612 1428890047423217652 324960 24.09
1428890047444142586 1428890047443691054 451532 24.11
1428890047467397247 1428890047464565291 2831956 24.12
1428890047485938931 1428890047484827599 1111332 24.14
1428890047508198221 1428890047505206969 2991252 24.15
1428890047531165408 1428890047525490337 5675071 24.17
1428890047547924810 1428890047545789559 2135251 24.19
1428890047567026231 1428890047565989381 1036850 24.20
1428890047588816975 1428890047586379580 2437395 24.22
1428890047608212021 1428890047606717802 1494219 24.24
1428890047627462066 1428890047626898563 563503 24.25
1428890047647684496 1428890047647190186 494310 24.27
1428890048316230845 1428890048315911056 319789 23.82
1428890048338320062 1428890048336790328 1529734 23.83
1428890048358911233 1428890048358527061 384172 23.85
1428890048381536442 1428890048381041912 494530 23.86
1428890048403008305 1428890048401769910 1238395 23.88
1428890048425121919 1428890048423679943 1441976 23.89
1428890048447749320 1428890048445803093 1946227 23.91
1428890048468518182 1428890048468054227 463955 23.93
1428890048489999881 1428890048489572972 426909 23.94
1428890048510800992 1428890048510355841 445151 23.96
1428890048532419082 1428890048532124572 294510 23.97
1428890048553757165 1428890048553093526 663639 23.99
1428890048575000526 1428890048574664944 335582 24.00
1428890048596865639 1428890048595472633 1393006 24.02
1428890048617556263 1428890048617227529 328734 24.03
1428890048638213895 1428890048637878326 335569 24.05
1428890048659020612 1428890048658720862 299750 24.06
1428890048679547797 1428890048679198980 348817 24.08
1428890048700500794 1428890048700003075 497719 24.10
1428890048722426143 1428890048720396896 2029247 24.11
1428890048743316117 1428890048742828299 487818 24.13
1428890048765535809 1428890048763669829 1865980 24.14
1428890048791420483 1428890048787209728 4210755 24.15
1428890049058927503 1428890049058574990 352513 24.01
1428890049079607091 1428890049079166047 441044 24.03
1428890049102507963 1428890049100740403 1767560 24.04
1428890049123217542 1428890049122840244 377298 24.06
1428890049144919451 1428890049143523809 1395642 24.07
1428890049165732749 1428890049165239788 492961 24.09
1428890049188190872 1428890049186984576 1206296 24.10
1428890049208930225 1428890049208497271 432954 24.12
1428890049229548782 1428890049229128175 420607 24.14
1428890049251995817 1428890049250054307 1941510 24.15
1428890049282747752 1428890049276898692 5849060 24.16
1428890049297615401 1428890049297026995 588406 24.18
1428890049321562164 1428890049317208535 4353629 24.19
1428890049340217770 1428890049337541914 2675856 24.21
1428890049359823888 1428890049357965460 1858428 24.22
1428890049381970612 1428890049378228126 3742486 24.24
1428890049400124579 1428890049398533964 1590615 24.25
1428890049421921642 1428890049418833351 3088291 24.27
1428890049441189365 1428890049439073852 2115513 24.29
1428890049461657695 1428890049459317441 2340254 24.30
1428890049481392696 1428890049479579857 1812839 24.32
1428890049501679473 1428890049499861489 1817984 24.33
1428890049521876814 1428890049520157889 1718925 24.35
1428890050180415950 1428890050180027538 388412 23.93
1428890050202209398 1428890050201869501 339897 23.94
1428890050224140710 1428890050223294972 845738 23.96
1428890050245328413 1428890050244976959 351454 23.97
1428890050267217987 1428890050266788741 429246 23.98
1428890050287812326 1428890050287448880 363446 24.00
1428890050309164499 1428890050307995657 1168842 24.01
1428890050329780905 1428890050329439864 341041 24.03
1428890050350688489 1428890050350337768 350721 24.04
1428890050371236723 1428890050370879419 357304 24.06
1428890050391818205 1428890050391514084 304121 24.07
1428890050413139339 1428890050412855961 283378 24.09
1428890050434251111 1428890050433953977 297134 24.10
1428890050456198218 1428890050454833093 1365125 24.12
1428890050478532010 1428890050477905806 626204 24.13
1428890050501956090 1428890050500216316 1739774 24.14
1428890050522951719 1428890050522376378 575341 24.16
1428890050544052421 1428890050543640736 411685 24.17
1428890050565911160 1428890050564267238 1643922 24.19
1428890050587404640 1428890050586829627 575013 24.20
1428890050608060251 1428890050607636424 423827 24.22
1428890050629552536 1428890050629069021 483515 24.23
1428890050650030694 1428890050649669414 361280 24.24
1428890051319028962 1428890051318620616 408346 23.83
1428890051340535804 1428890051340093055 442749 23.85
1428890051362005931 1428890051361703402 302529 23.86
1428890051383195364 1428890051382872577 322787 23.88
1428890051408876781 1428890051406118662 2758119 23.89
1428890051432987087 1428890051432743752 243335 23.90
1428890051453641187 1428890051453534215 106972 23.91
1428890051474186824 1428890051473985978 200846 23.93
1428890051494630608 1428890051494505944 124664 23.94
1428890051516018299 1428890051515786894 231405 23.96
1428890051540367766 1428890051540039303 328463 23.97
1428890051561584932 1428890051560926903 658029 23.98
1428890051582248819 1428890051581543011 705808 24.00
1428890051603154493 1428890051601702334 1452159 24.01
1428890051622861062 1428890051622064601 796461 24.03
1428890051643611417 1428890051642821897 789520 24.04
1428890051664691656 1428890051663009079 1682577 24.06
1428890051684752669 1428890051683296888 1455781 24.07
1428890051704660919 1428890051703581448 1079471 24.09
1428890051725333655 1428890051724125343 1208312 24.10
1428890051745317547 1428890051744285318 1032229 24.11
1428890051764969294 1428890051764420761 548533 24.13
1428890051785089351 1428890051784580514 508837 24.14
1428890052053444421 1428890052053240353 204068 24.02
1428890052075053521 1428890052074804435 249086 24.03
1428890052096657218 1428890052096383515 273703 24.04
1428890052120483043 1428890052118699708 1783335 24.06
1428890052141880817 1428890052140783157 1097660 24.07
1428890052163664614 1428890052162493772 1170842 24.08
1428890052185460027 1428890052184138087 1321940 24.10
1428890052205916697 1428890052205694005 222692 24.11
1428890052226280522 1428890052226045769 234753 24.13
1428890052247132421 1428890052247054351 78070 24.14
1428890052267498001 1428890052267278810 219191 24.15
1428890052287877725 1428890052287601657 276068 24.17
1428890052309349409 1428890052309137542 211867 24.18
1428890052330109710 1428890052329805333 304377 24.20
1428890052351758023 1428890052351425475 332548 24.21
1428890052375530039 1428890052373781529 1748510 24.22
1428890052400452825 1428890052398196334 2256491 24.23
1428890052421473584 1428890052420801832 671752 24.25
1428890052443035144 1428890052441761439 1273705 24.26
1428890052464999621 1428890052463328012 1671609 24.27
1428890052486703581 1428890052485312245 1391336 24.29
1428890052507431369 1428890052507005397 425972 24.30
1428890052528768845 1428890052528126622 642223 24.31
1428890053195565290 1428890053195168845 396445 23.92
1428890053216066306 1428890053215754278 312028 23.94
1428890053237417801 1428890053237063361 354440 23.95
1428890053258322569 1428890053257693269 629300 23.96
1428890053279440897 1428890053278794017 646880 23.98
1428890053300183590 1428890053299743924 439666 23.99
1428890053322420892 1428890053321879912 540980 24.00
1428890053343028667 1428890053342636890 391777 24.02
1428890053364437032 1428890053363972705 464327 24.03
1428890053385161882 1428890053384698292 463590 24.04
1428890053407975869 1428890053406305109 1670760 24.06
1428890053430887200 1428890053430127850 759350 24.07
1428890053454242785 1428890053452066920 2175865 24.08
1428890053477076379 1428890053474549591 2526788 24.09
1428890053498261386 1428890053497773777 487609 24.11
1428890053519316273 1428890053518766317 549956 24.12
1428890053540548933 1428890053540159840 389093 24.13
1428890053562220348 1428890053560988011 1232337 24.15
1428890053582892694 1428890053582518252 374442 24.16
1428890053605664918 1428890053603133532 2531386 24.17
1428890053628069150 1428890053627620509 448641 24.19
1428890053648616894 1428890053648259968 356926 24.20
1428890053670810328 1428890053669795163 1015165 24.21
1428890053937015878 1428890053936108938 906940 24.09
1428890053960538582 1428890053958513314 2025268 24.10
1428890053981540966 1428890053981058948 482018 24.12
1428890054002199275 1428890054001728290 470985 24.13
1428890054022924778 1428890054022414091 510687 24.14
1428890054044526019 1428890054043587774 938245 24.16
1428890054067458066 1428890054065448005 2010061 24.17
1428890054088444088 1428890054087843992 600096 24.18
1428890054110455495 1428890054108758936 1696559 24.19
1428890054131401349 1428890054130785174 616175 24.21
1428890054152172361 1428890054151735544 436817 24.22
1428890054175207388 1428890054173414192 1793196 24.23
1428890054197145026 1428890054196393434 751592 24.24
1428890054217892093 1428890054217455434 436659 24.26
1428890054239249431 1428890054238106205 1143226 24.27
1428890054260900540 1428890054259520321 1380219 24.28
1428890054281670825 1428890054281241129 429696 24.30
1428890054309214326 1428890054303230040 5984286 24.31
1428890054325142932 1428890054323383039 1759893 24.32
1428890054343959333 1428890054343543214 416119 24.34
1428890054364916072 1428890054363816758 1099314 24.35
1428890054384870095 1428890054384087050 783045 24.36
1428890054405803064 1428890054404314380 1488684 24.38
1428890055071535834 1428890055071225025 310809 24.00
1428890055095416846 1428890055093636320 1780526 24.02
1428890055116035260 1428890055115677429 357831 24.03
1428890055136906256 1428890055136341222 565034 24.04
1428890055157765814 1428890055157319799 446015 24.05
1428890055179091722 1428890055178668891 422831 24.07
1428890055200564660 1428890055200202783 361877 24.08
1428890055225352720 1428890055225150202 202518 24.09
1428890055253398636 1428890055253135783 262853 24.10
1428890055275528296 1428890055274323158 1205138 24.11
1428890055297574350 1428890055296833119 741231 24.12
1428890055320887021 1428890055320566248 320773 24.13
1428890055342646000 1428890055342262382 383618 24.15
1428890055366986887 1428890055365078942 1907945 24.16
1428890055391212729 1428890055389523266 1689463 24.17
1428890055413535548 1428890055411632416 1903132 24.18
1428890055438347281 1428890055437238236 1109045 24.19
1428890055462576688 1428890055460424620 2152068 24.20
1428890055486041377 1428890055483331350 2710027 24.21
1428890055507254435 1428890055506720350 534085 24.23
1428890055527950187 1428890055527458624 491563 24.24
1428890055549522554 1428890055548106100 1416454 24.25
1428890055571827557 1428890055569891848 1935709 24.26
1428890056232416504 1428890056232330079 86425 23.91
1428890056255159835 1428890056253391779 1768056 23.92
1428890056275767546 1428890056275402465 365081 23.93
1428890056297720258 1428890056297163850 556408 23.94
1428890056321295293 1428890056320298196 997097 23.95
1428890056342193491 1428890056341836538 356953 23.97
1428890056364788044 1428890056364109746 678298 23.98
1428890056386594415 1428890056386143355 451060 23.99
1428890056407541004 1428890056407242724 298280 24.00
1428890056431739853 1428890056430319561 1420292 24.01
1428890056453037448 1428890056451949192 1088256 24.03
1428890056474357946 1428890056473306418 1051528 24.04
1428890056494998585 1428890056494597514 401071 24.05
1428890056516912926 1428890056516457941 454985 24.06
1428890056539471309 1428890056538706218 765091 24.07
1428890056560145011 1428890056559704316 440695 24.09
1428890056581914492 1428890056580318105 1596387 24.10
1428890056602710209 1428890056602265237 444972 24.11
1428890056624185910 1428890056623698863 487047 24.12
1428890056644739759 1428890056644479949 259810 24.14
1428890056665387148 1428890056664920340 466808 24.15
1428890056686448197 1428890056685635959 812238 24.16
1428890056707039204 1428890056706712386 326818 24.17
1428890056973692726 1428890056973173424 519302 24.06
1428890056994552566 1428890056994019241 533325 24.08
1428890057014689312 1428890057014202397 486915 24.09
1428890057035498230 1428890057034990575 507655 24.10
1428890057056817991 1428890057055371377 1446614 24.11
1428890057076070713 1428890057075561464 509249 24.13
1428890057097128508 1428890057096648039 480469 24.14
1428890057117223121 1428890057116850823 372298 24.15
1428890057138161800 1428890057137753177 408623 24.16
1428890057158157097 1428890057157881924 275173 24.18
1428890057178945081 1428890057178496650 448431 24.19
1428890057199157258 1428890057198740668 416590 24.20
1428890057219987197 1428890057218812399 1174798 24.21
1428890057239512041 1428890057239052191 459850 24.23
1428890057260552493 1428890057259831245 721248 24.24
1428890057280755858 1428890057280364903 390955 24.25
1428890057301842430 1428890057301414877 427553 24.26
1428890057322537775 1428890057322018246 519529 24.28
1428890057343533702 1428890057342998561 535141 24.29
1428890057363743502 1428890057363156835 586667 24.30
1428890057385027549 1428890057383968920 1058629 24.31
1428890057404613975 1428890057404021090 592885 24.32
1428890057425560429 1428890057424970166 590263 24.34
1428890058089818981 1428890058089507701 311280 23.99
1428890058111909529 1428890058110364682 1544847 24.00
1428890058132550722 1428890058132176549 374173 24.02
1428890058153125962 1428890058152750581 375381 24.03
1428890058173695981 1428890058173342768 353213 24.04
1428890058194694881 1428890058194354763 340118 24.05
1428890058215441974 1428890058214892895 549079 24.07
1428890058236662784 1428890058235097358 1565426 24.08
1428890058255951030 1428890058255331378 619652 24.09
1428890058277389919 1428890058275585721 1804198 24.10
1428890058296562160 1428890058295831802 730358 24.11
1428890058320182606 1428890058316079813 4102793 24.13
1428890058337393993 1428890058336264240 1129753 24.14
1428890058357334603 1428890058356900231 434372 24.15
1428890058378471924 1428890058377843698 628226 24.16
1428890058399187502 1428890058398705445 482057 24.18
1428890058422994773 1428890058422268452 726321 24.19
1428890058446083494 1428890058444566340 1517154 24.20
1428890058467486803 1428890058466311402 1175401 24.21
1428890058488534211 1428890058488016892 517319 24.22
1428890058513137297 1428890058511623913 1513384 24.23
1428890058542325256 1428890058542043176 282080 24.24
1428890058568368694 1428890058566598204 1770490 24.25
1428890059240907392 1428890059240656293 251099 23.91
1428890059264836276 1428890059263899683 936593 23.92
1428890059285788764 1428890059285562862 225902 23.93
1428890059309230768 1428890059308809371 421397 23.94
1428890059329699225 1428890059329381467 317758 23.95
1428890059352308971 1428890059350222271 2086700 23.96
1428890059370937842 1428890059370392623 545219 23.98
1428890059390953703 1428890059390551842 401861 23.99
1428890059411382448 1428890059410716546 665902 24.00
1428890059431274362 1428890059430867238 407124 24.01
1428890059453429336 1428890059451184135 2245201 24.02
1428890059473224430 1428890059471542405 1682025 24.04
1428890059492938475 1428890059491862537 1075938 24.05
1428890059512874109 1428890059512058303 815806 24.06
1428890059533342098 1428890059532341578 1000520 24.07
1428890059558121606 1428890059553111940 5009666 24.08
1428890059576638193 1428890059575293469 1344724 24.09
1428890059596424429 1428890059595716051 708378 24.11
1428890059616642886 1428890059615988819 654067 24.12
1428890059636866583 1428890059636232603 633980 24.13
1428890059658440070 1428890059656703988 1736082 24.14
1428890059681790968 1428890059680410794 1380174 24.15
1428890059703482894 1428890059703079239 403655 24.16
1428890059969726458 1428890059969307837 418621 24.06
1428890059991392024 1428890059990774746 617278 24.07
1428890060012803878 1428890060011710295 1093583 24.08
1428890060033508745 1428890060033129799 378946 24.09
1428890060057606419 1428890060057150352 456067 24.10
1428890060078165666 1428890060077817906 347760 24.12
1428890060098742171 1428890060098372132 370039 24.13
1428890060119612775 1428890060119027064 585711 24.14
1428890060140957669 1428890060139962055 995614 24.15
1428890060163167291 1428890060161992210 1175081 24.16
1428890060184652477 1428890060184289561 362916 24.17
1428890060205250564 1428890060204936540 314024 24.18
1428890060225805022 1428890060225440610 364412 24.20
1428890060247028258 1428890060246745822 282436 24.21
1428890060267515164 1428890060267178369 336795 24.22
1428890060289082683 1428890060288577361 505322 24.23
1428890060312908263 1428890060312646867 261396 24.24
1428890060334354867 1428890060334129777 225090 24.25
1428890060355379923 1428890060355102135 277788 24.26
1428890060375787973 1428890060375570677 217296 24.27
1428890060396174305 1428890060395940089 234216 24.28
1428890060420541875 1428890060420207493 334382 24.29
1428890060444310638 1428890060442574264 1736374 24.30
1428890061112097499 1428890061111163575 933924 23.98
1428890061133417073 1428890061132925937 491136 23.99
1428890061154389163 1428890061153596637 792526 24.00
1428890061176105650 1428890061175542003 563647 24.01
1428890061196759993 1428890061196317585 442408 24.03
1428890061219679526 1428890061217913700 1765826 24.04
1428890061240600606 1428890061240035520 565086 24.05
1428890061261780322 1428890061260982710 797612 24.06
1428890061283288443 1428890061282888759 399684 24.07
1428890061305548595 1428890061303650436 1898159 24.08
1428890061324132386 1428890061323868187 264199 24.09
1428890061346002282 1428890061344910549 1091733 24.10
1428890061365382250 1428890061365068367 313883 24.11
1428890061385762390 1428890061385546678 215712 24.13
1428890061406126518 1428890061405891770 234748 24.14
1428890061428969822 1428890061427266924 1702898 24.15
1428890061449384859 1428890061449153571 231288 24.16
1428890061470187562 1428890061469979004 208558 24.17
1428890061491082376 1428890061490866958 215418 24.18
1428890061511483147 1428890061511235893 247254 24.19
1428890061531933584 1428890061531651603 281981 24.20
1428890061552419126 1428890061552084044 335082 24.22
1428890061572860707 1428890061572562249 298458 24.23
1428890062230907268 1428890062230512338 394930 23.92
1428890062255082627 1428890062253014793 2067834 23.93
1428890062279182305 1428890062277102967 2079338 23.94
1428890062300667491 1428890062299622297 1045194 23.95
1428890062326519679 1428890062324494287 2025392 23.96
1428890062349109356 1428890062348930375 178981 23.97
1428890062370176461 1428890062369930756 245705 23.98
1428890062390533693 1428890062390306554 227139 23.99
1428890062411178549 1428890062410781078 397471 24.00
1428890062433592337 1428890062432176698 1415639 24.01
1428890062453277266 1428890062452433317 843949 24.02
1428890062473490311 1428890062472671654 818657 24.03
1428890062493960386 1428890062492907397 1052989 24.04
1428890062514346822 1428890062513786491 560331 24.06
1428890062535711746 1428890062534925466 786280 24.07
1428890062556836054 1428890062555145390 1690664 24.08
1428890062576960410 1428890062575398849 1561561 24.09
1428890062596027954 1428890062595622875 405079 24.10
1428890062616783406 1428890062616337348 446058 24.11
1428890062638740669 1428890062638375566 365103 24.12
1428890062659520475 1428890062658830637 689838 24.13
1428890062679823739 1428890062679101482 722257 24.14
1428890062700307963 1428890062699510870 797093 24.15
1428890062969583966 1428890062968997861 586105 24.06
1428890062989730806 1428890062989152722 578084 24.07
1428890063011680950 1428890063009399118 2281832 24.08
1428890063031606004 1428890063029695435 1910569 24.09
1428890063050475810 1428890063050000721 475089 24.10
1428890063071911490 1428890063071565459 346031 24.11
1428890063092181493 1428890063091999273 182220 24.12
1428890063116271592 1428890063114841511 1430081 24.13
1428890063137392249 1428890063136929820 462429 24.14
1428890063158039343 1428890063157587198 452145 24.15
1428890063179610079 1428890063179054684 555395 24.16
1428890063201474394 1428890063200212224 1262170 24.17
1428890063227112622 1428890063225456938 1655684 24.18
1428890063247748952 1428890063247391310 357642 24.19
1428890063275590061 1428890063273610217 1979844 24.20
1428890063299318707 1428890063297970853 1347854 24.21
1428890063324582484 1428890063324113704 468780 24.22
1428890063348584131 1428890063346615856 1968275 24.23
1428890063370175852 1428890063369868710 307142 24.24
1428890063391278124 1428890063390872691 405433 24.25
1428890063412165511 1428890063411504430 661081 24.26
1428890063432238470 1428890063431742455 496015 24.27
1428890063453130260 1428890063452515705 614555 24.28
1428890064131242400 1428890064130869170 373230 23.97
1428890064152919194 1428890064152304713 614481 23.98
1428890064175660876 1428890064174601549 1059327 23.99
1428890064198968571 1428890064197007592 1960979 24.00
1428890064224466979 1428890064220226165 4240814 24.01
1428890064244864485 1428890064244584606 279879 24.02
1428890064265423192 1428890064265047103 376089 24.03
1428890064285850509 1428890064285610814 239695 24.04
1428890064306313421 1428890064306006250 307171 24.05
1428890064328082005 1428890064326559540 1522465 24.06
1428890064349896514 1428890064349293901 602613 24.07
1428890064375419076 1428890064370408947 5010129 24.08
1428890064394136096 1428890064390699235 3436861 24.09
1428890064411325937 1428890064410931026 394911 24.11
1428890064436924509 1428890064431153496 5771013 24.11
1428890064452650282 1428890064451534451 1115831 24.13
1428890064476638338 1428890064472815495 3822843 24.14
1428890064494163584 1428890064493639354 524230 24.15
1428890064518153127 1428890064513936030 4217097 24.16
1428890064534751462 1428890064534231888 519574 24.17
1428890064555160125 1428890064554465605 694520 24.18
1428890064577368323 1428890064574754997 2613326 24.19
1428890064597521010 1428890064595126171 2394839 24.20
1428890065258352232 1428890065258085587 266645 23.91
1428890065282109213 1428890065280525400 1583813 23.92
1428890065302795145 1428890065302407651 387494 23.93
1428890065323355690 1428890065323042927 312763 23.94
1428890065347553531 1428890065345796047 1757484 23.95
1428890065368105077 1428890065367786419 318658 23.96
1428890065389288198 1428890065388951029 337169 23.97
1428890065412066546 1428890065410971666 1094880 23.98
1428890065434257289 1428890065434020574 236715 23.99
1428890065454467520 1428890065454341312 126208 24.00
1428890065477373476 1428890065476439911 933565 24.01
1428890065497271906 1428890065496955977 315929 24.02
1428890065518386592 1428890065518052070 334522 24.03
1428890065538856559 1428890065538570002 286557 24.04
1428890065565336961 1428890065559240623 6096338 24.05
1428890065589098171 1428890065587450252 1647919 24.06
1428890065609993738 1428890065609724097 269641 24.07
1428890065630488072 1428890065630268057 220015 24.08
1428890065651060876 1428890065650717159 343717 24.09
1428890065673582745 1428890065671474651 2108094 24.10
1428890065694463631 1428890065693972884 490747 24.11
1428890065716002647 1428890065715542967 459680 24.12
1428890065737508472 1428890065736409009 1099463 24.13
1428890065992963865 1428890065991365823 1598042 24.04
1428890066012388256 1428890066011856261 531995 24.05
1428890066032618344 1428890066032116191 502153 24.06
1428890066053185959 1428890066052531251 654708 24.07
1428890066073961245 1428890066072794948 1166297 24.08
1428890066096311327 1428890066094371637 1939690 24.09
1428890066117036505 1428890066116674646 361859 24.10
1428890066139039069 1428890066137378280 1660789 24.11
1428890066160641732 1428890066159553024 1088708 24.12
1428890066184854061 1428890066183953459 900602 24.13
1428890066205578417 1428890066205165169 413248 24.14
1428890066226985156 1428890066226578207 406949 24.15
1428890066249003859 1428890066248517920 485939 24.16
1428890066271600545 1428890066269491642 2108903 24.17
1428890066293399799 1428890066292008589 1391210 24.18
1428890066314173693 1428890066313591395 582298 24.19
1428890066335908298 1428890066334484223 1424075 24.20
1428890066359500915 1428890066357610716 1890199 24.21
1428890066382924306 1428890066382167148 757158 24.22
1428890066413080768 1428890066404593161 8487607 24.22
1428890066425414584 1428890066425131767 282817 24.24
1428890066445530249 1428890066445179993 350256 24.25
1428890066465922992 1428890066465307832 615160 24.26
1428890067141783930 1428890067139766481 2017449 23.97
1428890067162173788 1428890067160744929 1428859 23.98
1428890067182468566 1428890067181915347 553219 23.99
1428890067202957873 1428890067202323152 634721 24.00
1428890067223007956 1428890067222501357 506599 24.01
1428890067243312299 1428890067242739346 572953 24.02
1428890067263467457 1428890067262928706 538751 24.03
1428890067283707037 1428890067283063031 644006 24.04
1428890067304420421 1428890067303806634 613787 24.05
1428890067325284281 1428890067324039422 1244859 24.06
1428890067345975674 1428890067344221636 1754038 24.07
1428890067366585444 1428890067364507756 2077688 24.08
1428890067389172161 1428890067384928174 4243987 24.09
1428890067406067133 1428890067405189977 877156 24.10
1428890067426157581 1428890067425410438 747143 24.11
1428890067448032483 1428890067445812012 2220471 24.12
1428890067466371385 1428890067466013990 357395 24.13
1428890067488536819 1428890067487991283 545536 24.14
1428890067510434576 1428890067510171351 263225 24.15
1428890067534245262 1428890067533973736 271526 24.16
1428890067555171049 1428890067554579129 591920 24.17
1428890067577712829 1428890067575411526 2301303 24.18
1428890067598075148 1428890067597589091 486057 24.19
1428890068256728908 1428890068256113297 615611 23.92
1428890068279908550 1428890068276690046 3218504 23.93
1428890068298236825 1428890068296873744 1363081 23.94
1428890068318316059 1428890068317721458 594601 23.95
1428890068339004042 1428890068338109162 894880 23.96
1428890068359472293 1428890068359217405 254888 23.97
1428890068381871986 1428890068381540044 331942 23.98
1428890068402576132 1428890068402239586 336546 23.98
1428890068425239187 1428890068424919560 319627 23.99
1428890068446039735 1428890068445665991 373744 24.00
1428890068467203102 1428890068466935470 267632 24.01
1428890068487622315 1428890068487362231 260084 24.02
1428890068508036459 1428890068507756809 279650 24.03
1428890068528697499 1428890068528450625 246874 24.04
1428890068552247719 1428890068551348388 899331 24.05
1428890068572677819 1428890068572382208 295611 24.06
1428890068594930431 1428890068594219251 711180 24.07
1428890068617875866 1428890068616143166 1732700 24.08
1428890068638647702 1428890068638178449 469253 24.09
1428890068659728873 1428890068659227485 501388 24.10
1428890068680376567 1428890068679972627 403940 24.11
1428890068702982621 1428890068702357520 625101 24.12
1428890068724266997 1428890068723981712 285285 24.13
1428890068993680266 1428890068993416735 263531 24.04
1428890069015527634 1428890069015034690 492944 24.05
1428890069037065296 1428890069035842141 1223155 24.06
1428890069059407150 1428890069057607870 1799280 24.07
1428890069080165584 1428890069079729407 436177 24.08
1428890069101591626 1428890069101120326 471300 24.09
1428890069123299761 1428890069122831893 467868 24.09
1428890069143696495 1428890069143452854 243641 24.10
1428890069164405301 1428890069163912397 492904 24.11
1428890069186433302 1428890069184679830 1753472 24.12
1428890069207100868 1428890069206700268 400600 24.13
1428890069227766440 1428890069227314205 452235 24.14
1428890069249959567 1428890069248133138 1826429 24.15
1428890069270598591 1428890069270262543 336048 24.16
1428890069291909519 1428890069290939944 969575 24.17
1428890069313481808 1428890069313095357 386451 24.18
1428890069335679799 1428890069333754916 1924883 24.19
1428890069360512407 1428890069358327290 2185117 24.19
1428890069380897336 1428890069380616630 280706 24.20
1428890069403505126 1428890069401591995 1913131 24.21
1428890069425756878 1428890069424882555 874323 24.22
1428890069446876601 1428890069445291085 1585516 24.23
1428890069467149143 1428890069465470490 1678653 24.24
