1428890312227128086 1428890312226932507 195579 29.50
1428890312257271274 1428890312256837736 433538 31.23
1428890312289889413 1428890312289405316 484097 31.04
1428890312325959873 1428890312325770846 189027 30.14
1428890312354829171 1428890312354554736 274435 30.94
1428890312385440416 1428890312385145583 294833 31.22
1428890312420439266 1428890312419286242 1153024 30.81
1428890312449622573 1428890312448831235 791338 31.20
1428890312488142570 1428890312486811051 1331519 30.52
1428890312517552116 1428890312517263682 288434 30.83
1428890312547587051 1428890312546477900 1109151 31.04
1428890312581283304 1428890312579336055 1947249 30.92
1428890312608423541 1428890312608188750 234791 31.31
1428890312635706224 1428890312635277076 429148 31.64
1428890312663063356 1428890312662681895 381461 31.93
1428890312692378318 1428890312690733393 1644925 32.05
1428890312719726314 1428890312719353628 372686 32.29
1428890312749131838 1428890312747714421 1417417 32.38
1428890312776934136 1428890312776324534 609602 32.55
1428890312804334009 1428890312804066608 267401 32.73
1428890312831434601 1428890312831135493 299108 32.91
1428890312861514204 1428890312859821001 1693203 32.92
1428890312891986399 1428890312889908722 2077677 32.92
1428890312919415145 1428890312918978829 436316 33.05
1428890312946595874 1428890312946250444 345430 33.18
1428890312976857937 1428890312974534671 2323266 33.18
1428890313004054612 1428890313003787552 267060 33.30
1428890313031339681 1428890313030902901 436780 33.41
1428890313059688099 1428890313059033512 654587 33.47
1428890313087023108 1428890313086624550 398558 33.56
1428890313114234940 1428890313113869551 365389 33.66
1428890313141903799 1428890313141516894 386905 33.73
1428890313170424342 1428890313168875565 1548777 33.77
1428890313199351854 1428890313197832133 1519721 33.79
1428890313691557565 1428890313690925623 631942 24.03
1428890313719490920 1428890313717858767 1632153 24.24
1428890313746927060 1428890313744978215 1948845 24.46
1428890313776615255 1428890313775839640 775615 24.63
1428890313803725615 1428890313803425120 300495 24.84
1428890313830792377 1428890313830565283 227094 25.04
1428890313858210633 1428890313857696364 514269 25.23
1428890313889192863 1428890313887243336 1949527 25.35
1428890313917316259 1428890313916918261 397998 25.52
1428890313944608281 1428890313944204936 403345 25.69
1428890313972635760 1428890313971447988 1187772 25.85
1428890314002372859 1428890314000502075 1870784 25.98
1428890314032200875 1428890314030099698 2101177 26.10
1428890314062378157 1428890314060519459 1858698 26.22
1428890314090700266 1428890314089421661 1278605 26.35
1428890314118018878 1428890314117614546 404332 26.50
1428890314145298441 1428890314144881409 417032 26.64
1428890314172693395 1428890314172342909 350486 26.77
1428890314199813357 1428890314199495445 317912 26.91
1428890314228059088 1428890314227789785 269303 27.03
1428890314255385335 1428890314255301394 83941 27.16
1428890314284627782 1428890314284402753 225029 27.25
1428890314312014627 1428890314311353650 660977 27.37
1428890314586605828 1428890314585773878 831950 25.07
1428890314613453633 1428890314612576677 876956 25.20
1428890314641074740 1428890314639428641 1646099 25.33
1428890314668802624 1428890314666486014 2316610 25.45
1428890314695200536 1428890314693571638 1628898 25.58
1428890314725170242 1428890314720576903 4593339 25.67
1428890314748073119 1428890314747658909 414210 25.83
1428890314776287782 1428890314775745727 542055 25.94
1428890314804291188 1428890314803059088 1232100 26.04
1428890314831641306 1428890314830330632 1310674 26.15
1428890314858851955 1428890314858563083 288872 26.26
1428890314887382449 1428890314886650296 732153 26.35
1428890314916470470 1428890314914518937 1951533 26.44
1428890314945420745 1428890314943455005 1965740 26.52
1428890314974407149 1428890314972513116 1894033 26.61
1428890315004176473 1428890315003048727 1127746 26.68
1428890315033467772 1428890315032312168 1155604 26.76
1428890315061605800 1428890315060955553 650247 26.84
1428890315090952002 1428890315088822156 2129846 26.92
1428890315120551762 1428890315118210943 2340819 26.99
1428890315149342720 1428890315147773271 1569449 27.06
1428890315179181636 1428890315177898331 1283305 27.13
1428890315207096240 1428890315206688957 407283 27.21
1428890315896072872 1428890315895699902 372970 22.69
1428890315923388443 1428890315923000546 387897 22.79
1428890315953324814 1428890315951321248 2003566 22.87
1428890315981550729 1428890315981058401 492328 22.97
1428890316009645721 1428890316008461537 1184184 23.06
1428890316038219716 1428890316036703652 1516064 23.15
1428890316066897233 1428890316066066399 830834 23.23
1428890316094304217 1428890316093881483 422734 23.33
1428890316122973413 1428890316121288425 1684988 23.41
1428890316152796896 1428890316150101452 2695444 23.49
1428890316182145606 1428890316179786866 2358740 23.57
1428890316209561366 1428890316209178887 382479 23.65
1428890316236896544 1428890316236474548 421996 23.74
1428890316266183289 1428890316264891308 1291981 23.82
1428890316293511133 1428890316291757693 1753440 23.90
1428890316319802116 1428890316318758373 1043743 23.99
1428890316346301643 1428890316345901762 399881 24.08
1428890316374774565 1428890316373496943 1277622 24.15
1428890316403040988 1428890316401489074 1551914 24.23
1428890316430201273 1428890316429876352 324921 24.31
1428890316461071173 1428890316458529065 2542108 24.37
1428890316489493157 1428890316488101765 1391392 24.44
1428890316516823729 1428890316516486526 337203 24.52
1428890316544681756 1428890316544289248 392508 24.59
1428890316572033625 1428890316571561439 472186 24.66
1428890316599391158 1428890316598901196 489962 24.74
1428890316629005599 1428890316628348298 657301 24.80
1428890316655972901 1428890316655321177 651724 24.87
1428890316682945641 1428890316682281755 663886 24.95
1428890316709717108 1428890316709171718 545390 25.02
1428890316740276974 1428890316739665867 611107 25.07
1428890316769027489 1428890316768325425 702064 25.13
1428890316796498971 1428890316795997366 501605 25.20
1428890316823728685 1428890316823406660 322025 25.27
1428890316851022369 1428890316850611958 410411 25.33
1428890316879304848 1428890316877967806 1337042 25.39
1428890316906858550 1428890316906289792 568758 25.46
1428890316937146382 1428890316935590660 1555722 25.51
1428890316964604106 1428890316964034749 569357 25.57
1428890316992287200 1428890316991562924 724276 25.63
1428890317019551842 1428890317019172178 379664 25.69
1428890317046889754 1428890317046417056 472698 25.75
1428890317074782112 1428890317074366061 416051 25.81
1428890317102052488 1428890317101642387 410101 25.87
1428890317129994105 1428890317128923711 1070394 25.93
1428890317157619756 1428890317156976842 642914 25.99
1428890317184947488 1428890317184598142 349346 26.04
1428890317882219171 1428890317881941871 277300 23.20
1428890317911246400 1428890317909479089 1767311 23.26
1428890317939598129 1428890317938274081 1324048 23.32
1428890317967846312 1428890317966439194 1407118 23.38
1428890317995597017 1428890317995010782 586235 23.44
1428890318023611204 1428890318023068282 542922 23.50
1428890318051331431 1428890318050866976 464455 23.56
1428890318078884900 1428890318078432901 451999 23.62
1428890318106132469 1428890318105906321 226148 23.68
1428890318136610716 1428890318134930963 1679753 23.72
1428890318164797842 1428890318163463539 1334303 23.78
1428890318192092875 1428890318191701284 391591 23.84
1428890318220626607 1428890318219845408 781199 23.89
1428890318248012253 1428890318247523336 488917 23.95
1428890318275576204 1428890318274916128 660076 24.00
1428890318303839195 1428890318303382236 456959 24.06
1428890318331074601 1428890318330675371 399230 24.11
1428890318359383640 1428890318358784331 599309 24.16
1428890318387463066 1428890318387206618 256448 24.22
1428890318415423140 1428890318415173182 249958 24.27
1428890318442712941 1428890318442206985 505956 24.32
1428890318470352771 1428890318469990859 361912 24.37
1428890318501657271 1428890318501226978 430293 24.41
1428890318529737978 1428890318529526745 211233 24.46
1428890318558333530 1428890318557903207 430323 24.51
1428890318588361765 1428890318587893978 467787 24.55
1428890318615465481 1428890318615184368 281113 24.60
1428890318647507447 1428890318645785927 1721520 24.63
1428890318676112048 1428890318674706300 1405748 24.68
1428890318704086754 1428890318703043427 1043327 24.73
1428890318732028238 1428890318731005966 1022272 24.78
1428890318762511017 1428890318760316820 2194197 24.81
1428890318791834697 1428890318791018560 816137 24.85
1428890318819941945 1428890318819584546 357399 24.90
1428890318847672805 1428890318847422809 249996 24.95
1428890318874749918 1428890318874465284 284634 24.99
1428890318901745750 1428890318901501733 244017 25.04
1428890318931771337 1428890318929576554 2194783 25.08
1428890318959025173 1428890318958765329 259844 25.13
1428890318986295428 1428890318985899678 395750 25.17
1428890319015147206 1428890319013568828 1578378 25.21
1428890319043092495 1428890319042407592 684903 25.26
1428890319072877936 1428890319070759076 2118860 25.29
1428890319104813796 1428890319102940673 1873123 25.32
1428890319132177380 1428890319131683873 493507 25.36
1428890319163280045 1428890319161187558 2092487 25.39
1428890319192337568 1428890319190366280 1971288 25.43
1428890319871556707 1428890319871361828 194879 23.44
1428890319899993719 1428890319899443962 549757 23.49
1428890319926677564 1428890319926366880 310684 23.53
1428890319954576071 1428890319953152131 1423940 23.58
1428890319980413200 1428890319980026182 387018 23.63
1428890320007281937 1428890320006843231 438706 23.68
1428890320034179589 1428890320033716873 462716 23.72
1428890320061603641 1428890320061109138 494503 23.77
1428890320089032916 1428890320088537726 495190 23.81
1428890320117949734 1428890320116838029 1111705 23.85
1428890320146103159 1428890320145022357 1080802 23.89
1428890320173448675 1428890320173114656 334019 23.93
1428890320201452987 1428890320201023716 429271 23.98
1428890320230020491 1428890320228587929 1432562 24.01
1428890320257536025 1428890320257196987 339038 24.06
1428890320289054748 1428890320286964353 2090395 24.09
1428890320316645908 1428890320316028027 617881 24.13
1428890320344454280 1428890320343952232 502048 24.17
1428890320373728943 1428890320371972926 1756017 24.20
1428890320401936016 1428890320401541730 394286 24.24
1428890320430820897 1428890320429532958 1287939 24.28
1428890320461876335 1428890320461591289 285046 24.31
1428890320490175071 1428890320489771432 403639 24.35
1428890320517370130 1428890320517228861 141269 24.39
1428890320545926976 1428890320545483953 443023 24.42
1428890320573205203 1428890320572791627 413576 24.46
1428890320601228168 1428890320600800069 428099 24.50
1428890320630127211 1428890320629609824 517387 24.54
1428890320657470871 1428890320657072118 398753 24.57
1428890320685710209 1428890320685278594 431615 24.61
1428890320714897562 1428890320713436983 1460579 24.64
1428890320743329770 1428890320742006329 1323441 24.68
1428890320770848269 1428890320770363294 484975 24.72
1428890320798147706 1428890320797717458 430248 24.75
1428890320825381172 1428890320824986300 394872 24.79
1428890320853749697 1428890320852295365 1454332 24.83
1428890320882150691 1428890320880723191 1427500 24.86
1428890320910393740 1428890320909870976 522764 24.89
1428890320937754242 1428890320937261153 493089 24.93
1428890320965945771 1428890320964641250 1304521 24.96
1428890320994374726 1428890320993776314 598412 25.00
1428890321021949458 1428890321021270759 678699 25.03
1428890321049089941 1428890321048844580 245361 25.07
1428890321077469277 1428890321075853924 1615353 25.10
1428890321108958693 1428890321107383536 1575157 25.12
1428890321136038198 1428890321135768011 270187 25.16
1428890321163117891 1428890321162851367 266524 25.20
1428890321190137909 1428890321189867669 270240 25.23
1428890321871731608 1428890321871223151 508457 23.66
1428890321899958449 1428890321898699536 1258913 23.69
1428890321927607107 1428890321927005313 601794 23.73
1428890321955312985 1428890321954740650 572335 23.77
1428890321982932319 1428890321982315217 617102 23.80
1428890322010689504 1428890322010002743 686761 23.84
1428890322038619302 1428890322037767155 852147 23.87
1428890322068220296 1428890322066855491 1364805 23.90
1428890322096904790 1428890322095242481 1662309 23.93
1428890322125446719 1428890322124790952 655767 23.96
1428890322152686912 1428890322152287938 398974 24.00
1428890322181109965 1428890322179100745 2009220 24.03
1428890322206398778 1428890322205975229 423549 24.07
1428890322233527237 1428890322232868242 658995 24.10
1428890322261444529 1428890322260967517 477012 24.14
1428890322292885831 1428890322290847569 2038262 24.16
1428890322320224859 1428890322319872047 352812 24.19
1428890322347418982 1428890322347048519 370463 24.23
1428890322374652776 1428890322374239283 413493 24.26
1428890322401904153 1428890322401518392 385761 24.29
1428890322438224089 1428890322436196212 2027877 24.30
1428890322465438202 1428890322465366289 71913 24.34
1428890322502077821 1428890322501746835 330986 24.35
1428890322530040865 1428890322529658482 382383 24.38
1428890322557962375 1428890322557555440 406935 24.41
1428890322585485896 1428890322585162179 323717 24.44
1428890322612455978 1428890322611982913 473065 24.47
1428890322640751771 1428890322639385332 1366439 24.50
1428890322667929064 1428890322667675831 253233 24.54
1428890322695913157 1428890322695533754 379403 24.57
1428890322724620428 1428890322723015503 1604925 24.59
1428890322752009573 1428890322751723768 285805 24.62
1428890322779222985 1428890322778877054 345931 24.66
1428890322806376862 1428890322806181462 195400 24.69
1428890322833563829 1428890322833209239 354590 24.72
1428890322860903312 1428890322860416520 486792 24.75
1428890322891087219 1428890322888778988 2308231 24.77
1428890322919753274 1428890322918210705 1542569 24.80
1428890322949217586 1428890322948860136 357450 24.82
1428890322976630739 1428890322976147415 483324 24.85
1428890323003967061 1428890323003588787 378274 24.88
1428890323031211362 1428890323030816324 395038 24.91
1428890323058472891 1428890323058070543 402348 24.94
1428890323085693538 1428890323085318191 375347 24.97
1428890323112988492 1428890323112549330 439162 25.00
1428890323141180826 1428890323139844100 1336726 25.03
1428890323169800033 1428890323168877906 922127 25.05
1428890323855527753 1428890323853349462 2178291 23.75
1428890323882878376 1428890323882538057 340319 23.78
1428890323910043733 1428890323909706683 337050 23.81
1428890323937226141 1428890323936887641 338500 23.84
1428890323964435865 1428890323964058797 377068 23.87
1428890323991621440 1428890323991288022 333418 23.90
1428890324020374425 1428890324019301712 1072713 23.93
1428890324052559471 1428890324048072723 4486748 23.95
1428890324084739717 1428890324080761611 3978106 23.97
1428890324111776144 1428890324109630204 2145940 24.00
1428890324138174946 1428890324136940657 1234289 24.03
1428890324165943045 1428890324164834116 1108929 24.05
1428890324194423818 1428890324193918278 505540 24.08
1428890324223147100 1428890324221522130 1624970 24.11
1428890324252507463 1428890324250820964 1686499 24.13
1428890324281834178 1428890324280160646 1673532 24.15
1428890324312269374 1428890324310725253 1544121 24.18
1428890324342487622 1428890324340725601 1762021 24.20
1428890324369730709 1428890324369491284 239425 24.23
1428890324397557477 1428890324396550126 1007351 24.25
1428890324424883609 1428890324424524822 358787 24.28
1428890324452106023 1428890324451744083 361940 24.31
1428890324479415059 1428890324478919789 495270 24.34
1428890324506856874 1428890324506363506 493368 24.36
1428890324538719006 1428890324536522664 2196342 24.38
1428890324567140021 1428890324566750483 389538 24.41
1428890324595132533 1428890324594120788 1011745 24.43
1428890324627406997 1428890324627219786 187211 24.45
1428890324656637370 1428890324655639589 997781 24.47
1428890324683886296 1428890324683557484 328812 24.50
1428890324713058341 1428890324711592298 1466043 24.52
1428890324740112529 1428890324739873553 238976 24.55
1428890324768869891 1428890324767054110 1815781 24.57
1428890324795942164 1428890324795724301 217863 24.60
1428890324823053481 1428890324822770133 283348 24.62
1428890324852966607 1428890324851439163 1527444 24.65
1428890324880134301 1428890324879795159 339142 24.67
1428890324911541432 1428890324909222668 2318764 24.69
1428890324940193462 1428890324939758529 434933 24.71
1428890324971349655 1428890324968903397 2446258 24.73
1428890324997648463 1428890324996722670 925793 24.76
1428890325024084953 1428890325023708336 376617 24.78
1428890325051145825 1428890325050620292 525533 24.81
1428890325078120330 1428890325077567254 553076 24.84
1428890325105596700 1428890325104908282 688418 24.86
1428890325132349745 1428890325131782791 566954 24.89
1428890325159195426 1428890325158622634 572792 24.91
1428890325187185162 1428890325185949015 1236147 24.93
1428890325868143496 1428890325867667701 475795 23.84
1428890325898573847 1428890325896342257 2231590 23.86
1428890325926070612 1428890325925683042 387570 23.88
1428890325953704214 1428890325952965746 738468 23.91
1428890325981170484 1428890325980685296 485188 23.93
1428890326009597351 1428890326008848920 748431 23.96
1428890326038713709 1428890326036693392 2020317 23.98
1428890326066418162 1428890326065792826 625336 24.00
1428890326095374375 1428890326093473296 1901079 24.03
1428890326124686432 1428890326122527446 2158986 24.05
1428890326151785903 1428890326151538740 247163 24.07
1428890326180622513 1428890326178789428 1833085 24.09
1428890326209073145 1428890326208045936 1027209 24.12
1428890326236903410 1428890326235859498 1043912 24.14
1428890326265615841 1428890326265459045 156796 24.16
1428890326294272065 1428890326293076713 1195352 24.18
1428890326329241059 1428890326325019916 4221143 24.19
1428890326357761291 1428890326351936466 5824825 24.22
1428890326383725351 1428890326378817799 4907552 24.24
1428890326410766328 1428890326409269958 1496370 24.27
1428890326438175802 1428890326436232583 1943219 24.29
1428890326466210722 1428890326465028075 1182647 24.31
1428890326494822515 1428890326493825428 997087 24.33
1428890326527099274 1428890326522916998 4182276 24.35
1428890326551241995 1428890326549754342 1487653 24.38
1428890326578174029 1428890326576606001 1568028 24.40
1428890326606358262 1428890326603458473 2899789 24.42
1428890326631152833 1428890326630324855 827978 24.45
1428890326658964123 1428890326657226158 1737965 24.47
1428890326685406974 1428890326685283159 123815 24.50
1428890326713876985 1428890326713617061 259924 24.52
1428890326741762420 1428890326740950529 811891 24.54
1428890326771240296 1428890326771036675 203621 24.56
1428890326799219671 1428890326798965658 254013 24.58
1428890326826240865 1428890326826016603 224262 24.60
1428890326853219337 1428890326853010561 208776 24.62
1428890326880246500 1428890326880029358 217142 24.65
1428890326907272854 1428890326907057031 215823 24.67
1428890326934489892 1428890326934256532 233360 24.69
1428890326968914333 1428890326966359505 2554828 24.70
1428890327026939328 1428890326999237976 27701352 24.67
1428890327027096105 1428890327026354444 741661 24.74
1428890327053645480 1428890327053191760 453720 24.76
1428890327080583435 1428890327079982540 600895 24.79
1428890327107350715 1428890327106866484 484231 24.81
1428890327134118735 1428890327133716016 402719 24.83
1428890327160925392 1428890327160535439 389953 24.85
1428890327895857203 1428890327894608119 1249084 23.82
1428890327924248836 1428890327923162395 1086441 23.84
1428890327951962494 1428890327951641072 321422 23.86
1428890327980726786 1428890327979318097 1408689 23.88
1428890328008260584 1428890328007757640 502944 23.90
1428890328036483180 1428890328035276047 1207133 23.92
1428890328064654733 1428890328064000709 654024 23.94
1428890328093295729 1428890328092803737 491992 23.96
1428890328121074837 1428890328120343404 731433 23.98
1428890328155593195 1428890328155238157 355038 23.99
1428890328184103484 1428890328183679987 423497 24.01
1428890328213380748 1428890328213038520 342228 24.03
1428890328242349374 1428890328240479858 1869516 24.05
1428890328270993437 1428890328269579612 1413825 24.07
1428890328299401257 1428890328298969197 432060 24.09
1428890328328130020 1428890328326651643 1478377 24.11
1428890328356743206 1428890328355289662 1453544 24.13
1428890328385497460 1428890328384845977 651483 24.15
1428890328415988557 1428890328414233554 1755003 24.16
1428890328443430577 1428890328442971333 459244 24.18
1428890328472051204 1428890328470784631 1266573 24.20
1428890328503011344 1428890328501868882 1142462 24.22
1428890328531985860 1428890328530755079 1230781 24.24
1428890328559073198 1428890328557805289 1267909 24.26
1428890328586057969 1428890328584691365 1366604 24.28
1428890328612317182 1428890328611575562 741620 24.30
1428890328643300472 1428890328639073084 4227388 24.32
1428890328666905364 1428890328665981591 923773 24.34
1428890328693927479 1428890328692870955 1056524 24.36
1428890328720976285 1428890328719702760 1273525 24.38
1428890328752376138 1428890328752005227 370911 24.40
1428890328780971373 1428890328780619434 351939 24.42
1428890328808136991 1428890328807860993 275998 24.44
1428890328835278374 1428890328834985676 292698 24.46
1428890328862782511 1428890328862214045 568466 24.48
1428890328891626938 1428890328889865576 1761362 24.49
1428890328919479800 1428890328918851001 628799 24.51
1428890328947156824 1428890328946605040 551784 24.53
1428890328974766489 1428890328974154200 612289 24.55
1428890329002825472 1428890329002412591 412881 24.57
1428890329029943463 1428890329029683179 260284 24.59
1428890329058797555 1428890329057133218 1664337 24.61
1428890329087592894 1428890329085806489 1786405 24.62
1428890329117099934 1428890329114686538 2413396 24.64
1428890329144623862 1428890329144131582 492280 24.66
1428890329173024729 1428890329171594927 1429802 24.68
1428890329858601661 1428890329858103793 497868 23.83
1428890329886244617 1428890329885955810 288807 23.85
1428890329913390256 1428890329913052663 337593 23.87
1428890329941150978 1428890329940840019 310959 23.89
1428890329971113486 1428890329969337837 1775649 23.91
1428890330000428443 1428890330000053696 374747 23.92
1428890330029801904 1428890330027404519 2397385 23.94
1428890330058111305 1428890330056903351 1207954 23.96
1428890330087213786 1428890330085149707 2064079 23.97
1428890330114642062 1428890330114265800 376262 23.99
1428890330141891161 1428890330141509042 382119 24.01
1428890330169027166 1428890330168745256 281910 24.03
1428890330198536374 1428890330195935196 2601178 24.05
1428890330225754578 1428890330225461086 293492 24.07
1428890330254659443 1428890330252745396 1914047 24.08
1428890330282711145 1428890330281975683 735462 24.10
1428890330310801038 1428890330310438842 362196 24.12
1428890330338062466 1428890330337670502 391964 24.14
1428890330364888274 1428890330364452753 435521 24.16
1428890330391423559 1428890330391186967 236592 24.18
1428890330418296847 1428890330418070315 226532 24.20
1428890330445192805 1428890330444768273 424532 24.22
1428890330472206012 1428890330471641412 564600 24.24
1428890330552480855 1428890330552282526 198329 24.24
1428890330580222792 1428890330579377430 845362 24.26
1428890330607096663 1428890330606753470 343193 24.28
1428890330633940963 1428890330633557933 383030 24.29
1428890330662425036 1428890330660953743 1471293 24.31
1428890330688869855 1428890330688068038 801817 24.33
1428890330715972105 1428890330715606326 365779 24.35
1428890330742978245 1428890330742770595 207650 24.37
1428890330769970521 1428890330769762272 208249 24.39
1428890330797283262 1428890330797065916 217346 24.40
1428890330825293299 1428890330825089240 204059 24.42
1428890330852710475 1428890330852093671 616804 24.44
1428890330880843031 1428890330880355816 487215 24.45
1428890330910712458 1428890330910189750 522708 24.47
1428890330938064024 1428890330937695788 368236 24.49
1428890330968541343 1428890330966733835 1807508 24.50
1428890330995970169 1428890330995660184 309985 24.52
1428890331023257379 1428890331022881813 375566 24.54
1428890331053042808 1428890331050929936 2112872 24.55
1428890331080276474 1428890331079980703 295771 24.57
1428890331107388873 1428890331107095144 293729 24.58
1428890331134623124 1428890331134344262 278862 24.60
1428890331161790431 1428890331161463422 327009 24.62
1428890331839544422 1428890331839211498 332924 23.87
1428890331872995548 1428890331871395276 1600272 23.88
1428890331900708070 1428890331900387011 321059 23.90
1428890331929016649 1428890331928596713 419936 23.92
1428890331963526407 1428890331958880779 4645628 23.92
1428890331991794357 1428890331990682788 1111569 23.94
1428890332021914896 1428890332019703666 2211230 23.96
1428890332049291115 1428890332048886570 404545 23.97
1428890332076712808 1428890332076183062 529746 23.99
1428890332104341918 1428890332103901095 440823 24.01
1428890332132889742 1428890332131266660 1623082 24.02
1428890332162745687 1428890332160162607 2583080 24.04
1428890332199022741 1428890332198561626 461115 24.04
1428890332227696076 1428890332225545366 2150710 24.06
1428890332253612212 1428890332252636441 975771 24.08
1428890332280885056 1428890332279659522 1225534 24.09
1428890332308178825 1428890332307782731 396094 24.11
1428890332335445716 1428890332335107621 338095 24.13
1428890332364113092 1428890332362429869 1683223 24.14
1428890332391699917 1428890332391252696 447221 24.16
1428890332421425049 1428890332419708546 1716503 24.17
1428890332450927510 1428890332448619060 2308450 24.19
1428890332480594223 1428890332478164748 2429475 24.20
1428890332508198799 1428890332507740425 458374 24.22
1428890332536537362 1428890332535388036 1149326 24.23
1428890332567806426 1428890332565548958 2257468 24.25
1428890332596977850 1428890332595036340 1941510 24.26
1428890332628495699 1428890332625995188 2500511 24.27
1428890332656602365 1428890332655672922 929443 24.29
1428890332685727778 1428890332683920308 1807470 24.30
1428890332714656181 1428890332713785541 870640 24.32
1428890332744615168 1428890332742614685 2000483 24.33
1428890332774067275 1428890332772809182 1258093 24.34
1428890332802430689 1428890332801426567 1004122 24.36
1428890332832499426 1428890332830714468 1784958 24.37
1428890332860917786 1428890332859464737 1453049 24.39
1428890332888651776 1428890332888419118 232658 24.40
1428890332916804790 1428890332916510169 294621 24.42
1428890332944849039 1428890332944376420 472619 24.43
1428890332972614536 1428890332971806929 807607 24.45
1428890333000000606 1428890332999562795 437811 24.46
1428890333027335276 1428890333026902378 432898 24.48
1428890333069048606 1428890333062529898 6518708 24.48
1428890333091581464 1428890333089792586 1788878 24.50
1428890333120925773 1428890333116974181 3951592 24.51
1428890333148387702 1428890333143949372 4438330 24.53
1428890333175970040 1428890333171119708 4850332 24.54
1428890333204578717 1428890333198652324 5926393 24.56
1428890333883395180 1428890333881280026 2115154 23.88
1428890333914364452 1428890333912716884 1647568 23.89
1428890333942153262 1428890333941453449 699813 23.91
1428890333971093698 1428890333970044665 1049033 23.92
1428890334000940201 1428890333999063696 1876505 23.94
1428890334030035191 1428890334028222787 1812404 23.95
1428890334059600223 1428890334057284645 2315578 23.96
1428890334088684976 1428890334086829319 1855657 23.98
1428890334115966511 1428890334115689488 277023 23.99
1428890334143205912 1428890334142823919 381993 24.01
1428890334172619875 1428890334170272116 2347759 24.02
1428890334200325033 1428890334199763988 561045 24.04
1428890334227696594 1428890334227252346 444248 24.05
1428890334256267914 1428890334255313651 954263 24.07
1428890334285676004 1428890334283405867 2270137 24.08
1428890334315919534 1428890334314121601 1797933 24.09
1428890334350209661 1428890334348086470 2123191 24.10
1428890334382224972 1428890334378364776 3860196 24.11
1428890334411936443 1428890334409781497 2154946 24.12
1428890334441791607 1428890334439698980 2092627 24.14
1428890334469894789 1428890334469256420 638369 24.15
1428890334500408388 1428890334499092407 1315981 24.16
1428890334527586467 1428890334527267930 318537 24.18
1428890334555079622 1428890334554722679 356943 24.19
1428890334582312304 1428890334581928562 383742 24.21
1428890334609851654 1428890334609182148 669506 24.22
1428890334639799211 1428890334636270922 3528289 24.24
1428890334663902529 1428890334663439333 463196 24.25
1428890334690950733 1428890334690329945 620788 24.27
1428890334717994189 1428890334717263652 730537 24.28
1428890334745870998 1428890334744433500 1437498 24.30
1428890334773907350 1428890334773115858 791492 24.31
1428890334801457734 1428890334800918332 539402 24.33
1428890334828932850 1428890334828526020 406830 24.34
1428890334858684036 1428890334855926466 2757570 24.35
1428890334886156113 1428890334885754494 401619 24.37
1428890334913386636 1428890334913038884 347752 24.38
1428890334940359183 1428890334940162553 196630 24.40
1428890334969569402 1428890334968677374 892028 24.41
1428890334995972960 1428890334995663679 309281 24.43
1428890335025014703 1428890335023100022 1914681 24.44
1428890335052346465 1428890335052027243 319222 24.45
1428890335080564980 1428890335079453941 1111039 24.47
1428890335109298939 1428890335108762569 536370 24.48
1428890335137821102 1428890335136453796 1367306 24.49
1428890335165330605 1428890335164921613 408992 24.51
1428890335198083547 1428890335197903924 179623 24.52
1428890335886735152 1428890335886362602 372550 23.89
1428890335913771422 1428890335913386050 385372 23.90
1428890335940901167 1428890335940163959 737208 23.92
1428890335969739422 1428890335968013074 1726348 23.93
1428890335995621325 1428890335995128602 492723 23.95
1428890336022992670 1428890336022510179 482491 23.96
1428890336050305424 1428890336049853447 451977 23.98
1428890336078542434 1428890336078122548 419886 23.99
1428890336106517170 1428890336105572237 944933 24.00
1428890336134587702 1428890336134138785 448917 24.02
1428890336162819336 1428890336161538013 1281323 24.03
1428890336192342287 1428890336189970247 2372040 24.04
1428890336219653656 1428890336219226752 426904 24.06
1428890336248037511 1428890336246666685 1370826 24.07
1428890336277293276 1428890336275198577 2094699 24.08
1428890336304896591 1428890336304363197 533394 24.10
1428890336332225292 1428890336331768298 456994 24.11
1428890336360564971 1428890336359062094 1502877 24.12
1428890336389433458 1428890336387562164 1871294 24.14
1428890336419071718 1428890336416773504 2298214 24.15
1428890336444243659 1428890336443740956 502703 24.16
1428890336470997701 1428890336470571002 426699 24.18
1428890336498543817 1428890336497453969 1089848 24.19
1428890336525114149 1428890336524311293 802856 24.21
1428890336552971696 1428890336551375692 1596004 24.22
1428890336579957930 1428890336578285973 1671957 24.23
1428890336609120310 1428890336606237048 2883262 24.25
1428890336633684805 1428890336633076571 608234 24.26
1428890336661811410 1428890336659959811 1851599 24.28
1428890336687459692 1428890336686904147 555545 24.29
1428890336715239672 1428890336714797615 442057 24.30
1428890336743470668 1428890336742937191 533477 24.32
1428890336773076320 1428890336771383414 1692906 24.33
1428890336800516523 1428890336800007862 508661 24.34
1428890336827811786 1428890336827389916 421870 24.36
1428890336855214337 1428890336854721277 493060 24.37
1428890336883640236 1428890336882153243 1486993 24.38
1428890336912320608 1428890336910661313 1659295 24.39
1428890336939852379 1428890336939360612 491767 24.41
1428890336967956244 1428890336966775620 1180624 24.42
1428890337001278134 1428890337000890754 387380 24.43
1428890337029096499 1428890337028639738 456761 24.44
1428890337056341445 1428890337055979437 362008 24.45
1428890337086858918 1428890337085739418 1119500 24.46
1428890337115220185 1428890337114807303 412882 24.48
1428890337142283476 1428890337142053378 230098 24.49
1428890337171030565 1428890337169354776 1675789 24.50
1428890337201636246 1428890337200944480 691766 24.51
1428890337884183282 1428890337882543176 1640106 23.94
1428890337912933378 1428890337911279079 1654299 23.95
1428890337941923300 1428890337940911704 1011596 23.96
1428890337970921046 1428890337969068881 1852165 23.97
1428890337999384017 1428890337998964397 419620 23.99
1428890338027720732 1428890338026387185 1333547 24.00
1428890338057166576 1428890338054790807 2375769 24.01
1428890338084566800 1428890338084173552 393248 24.02
1428890338113150106 1428890338111537250 1612856 24.04
1428890338141692715 1428890338140202337 1490378 24.05
1428890338171250634 1428890338168854927 2395707 24.06
1428890338199953915 1428890338198421272 1532643 24.07
1428890338228902167 1428890338227071379 1830788 24.08
1428890338257478810 1428890338255897274 1581536 24.09
1428890338284982966 1428890338284529199 453767 24.11
1428890338315029629 1428890338312767006 2262623 24.12
1428890338345138211 1428890338343005080 2133131 24.13
1428890338373074971 1428890338372229635 845336 24.14
1428890338401181852 1428890338400243927 937925 24.15
1428890338433477572 1428890338431196140 2281432 24.16
1428890338460913199 1428890338460579808 333391 24.17
1428890338489628132 1428890338487800668 1827464 24.19
1428890338517627616 1428890338516627093 1000523 24.20
1428890338546131043 1428890338545761262 369781 24.21
1428890338575786084 1428890338573128596 2657488 24.22
1428890338602203981 1428890338600256127 1947854 24.23
1428890338629581347 1428890338629244996 336351 24.25
1428890338656778498 1428890338656424994 353504 24.26
1428890338684092412 1428890338683687846 404566 24.27
1428890338711404597 1428890338710983109 421488 24.29
1428890338738773489 1428890338738310363 463126 24.30
1428890338766114652 1428890338765653442 461210 24.31
1428890338795880547 1428890338794057364 1823183 24.32
1428890338823301271 1428890338822874078 427193 24.33
1428890338850454712 1428890338850144090 310622 24.35
1428890338878095462 1428890338877467998 627464 24.36
1428890338909029024 1428890338905870631 3158393 24.37
1428890338936219732 1428890338935890405 329327 24.38
1428890338964412611 1428890338963141091 1271520 24.39
1428890338991548347 1428890338991231755 316592 24.40
1428890339018733630 1428890339018392153 341477 24.42
1428890339045939214 1428890339045594053 345161 24.43
1428890339073337089 1428890339073046544 290545 24.44
1428890339101578436 1428890339101326030 252406 24.45
1428890339128531065 1428890339128148065 383000 24.47
1428890339156965320 1428890339155712131 1253189 24.48
1428890339183986198 1428890339183755363 230835 24.49
1428890339872248164 1428890339871785173 462991 23.95
1428890339901023780 1428890339899298550 1725230 23.96
1428890339929512720 1428890339928132083 1380637 23.98
1428890339957352954 1428890339956522467 830487 23.99
1428890339986840285 1428890339985437007 1403278 24.00
1428890340015108512 1428890340013806661 1301851 24.01
1428890340042763266 1428890340042191858 571408 24.02
1428890340070407989 1428890340069772467 635522 24.03
1428890340099255257 1428890340097503912 1751345 24.04
1428890340126584453 1428890340126271686 312767 24.06
1428890340157072422 1428890340154498969 2573453 24.07
1428890340186965502 1428890340184137078 2828424 24.08
1428890340212299670 1428890340211335279 964391 24.09
1428890340239942928 1428890340239380767 562161 24.10
1428890340267944046 1428890340266942995 1001051 24.11
1428890340296898104 1428890340295009779 1888325 24.12
1428890340324216800 1428890340323790694 426106 24.14
1428890340351994546 1428890340351602230 392316 24.15
1428890340379164142 1428890340378833176 330966 24.16
1428890340407614932 1428890340406042773 1572159 24.17
1428890340436222630 1428890340434607522 1615108 24.18
1428890340464430721 1428890340463938412 492309 24.19
1428890340492721705 1428890340492193295 528410 24.21
1428890340525330241 1428890340520966885 4363356 24.21
1428890340549266628 1428890340547969053 1297575 24.23
1428890340578326998 1428890340575920070 2406928 24.24
1428890340605967736 1428890340605012635 955101 24.25
1428890340634014254 1428890340632360141 1654113 24.26
1428890340664784094 1428890340659756265 5027829 24.27
1428890340688358479 1428890340686763252 1595227 24.28
1428890340714343942 1428890340713749755 594187 24.30
1428890340742639604 1428890340741349287 1290317 24.31
1428890340771044619 1428890340769656798 1387821 24.32
1428890340799706478 1428890340799248640 457838 24.33
1428890340826902012 1428890340826563499 338513 24.34
1428890340856336802 1428890340854284587 2052215 24.35
1428890340884991441 1428890340884047645 943796 24.36
1428890340914462868 1428890340913078887 1383981 24.37
1428890340942159791 1428890340941499986 659805 24.38
1428890340969036034 1428890340968346389 689645 24.40
1428890340996059144 1428890340995497091 562053 24.41
1428890341023282486 1428890341022803182 479304 24.42
1428890341049635168 1428890341049632514 2654 24.43
1428890341077378309 1428890341076898058 480251 24.44
1428890341104492046 1428890341103892351 599695 24.45
1428890341133140884 1428890341132752199 388685 24.46
1428890341160780054 1428890341160466373 313681 24.48
1428890341189177558 1428890341188418547 759011 24.49
1428890341869871815 1428890341869604419 267396 23.99
1428890341897257179 1428890341896811285 445894 24.00
1428890341924352938 1428890341924042975 309963 24.02
1428890341951553008 1428890341951205933 347075 24.03
1428890341980610188 1428890341978707142 1903046 24.04
1428890342008220412 1428890342007635879 584533 24.05
1428890342036964154 1428890342035191732 1772422 24.06
1428890342064524357 1428890342063980223 544134 24.07
1428890342092720291 1428890342092470161 250130 24.08
1428890342119827386 1428890342119546138 281248 24.09
1428890342147894720 1428890342146718565 1176155 24.10
1428890342175255582 1428890342174835364 420218 24.11
1428890342204057674 1428890342202761422 1296252 24.12
1428890342231875410 1428890342231132020 743390 24.14
1428890342261359135 1428890342259952892 1406243 24.15
1428890342290880050 1428890342290423820 456230 24.15
1428890342322406252 1428890342321067593 1338659 24.16
1428890342350156399 1428890342349683093 473306 24.17
1428890342377497787 1428890342377012358 485429 24.18
1428890342406089906 1428890342404408205 1681701 24.19
1428890342433999317 1428890342433050954 948363 24.21
1428890342461490252 1428890342461040003 450249 24.22
1428890342488853998 1428890342488408619 445379 24.23
1428890342516024938 1428890342515703994 320944 24.24
1428890342545135009 1428890342542730559 2404450 24.25
1428890342573632691 1428890342571594258 2038433 24.26
1428890342600766208 1428890342598592695 2173513 24.27
1428890342630938693 1428890342627779538 3159155 24.28
1428890342657062242 1428890342654720713 2341529 24.29
1428890342686085137 1428890342683439905 2645232 24.30
1428890342711655343 1428890342710356136 1299207 24.31
1428890342738952520 1428890342737651201 1301319 24.32
1428890342768548442 1428890342765976401 2572041 24.33
1428890342794060779 1428890342793673405 387374 24.35
1428890342821022417 1428890342820751186 271231 24.36
1428890342848511434 1428890342847934221 577213 24.37
1428890342876485116 1428890342875651026 834090 24.38
1428890342905022934 1428890342903517161 1505773 24.39
1428890342932296261 1428890342931882177 414084 24.40
1428890342960333426 1428890342959879589 453837 24.41
1428890342990397492 1428890342989905119 492373 24.42
1428890343019170293 1428890343017567689 1602604 24.43
1428890343046573120 1428890343046124183 448937 24.44
1428890343073888601 1428890343073504318 384283 24.45
1428890343105257468 1428890343104988307 269161 24.46
1428890343135289983 1428890343133141243 2148740 24.47
1428890343164257801 1428890343162422214 1835587 24.47
1428890343192306880 1428890343191757400 549480 24.48
1428890343881095406 1428890343879077376 2018030 24.02
1428890343911980998 1428890343909642994 2338004 24.02
1428890343940515352 1428890343940133084 382268 24.03
1428890343968810763 1428890343967488813 1321950 24.04
1428890343996708389 1428890343995780643 927746 24.05
1428890344026027141 1428890344023899756 2127385 24.06
1428890344054700377 1428890344053158702 1541675 24.07
1428890344082407826 1428890344081770252 637574 24.08
1428890344110921910 1428890344109398998 1522912 24.09
1428890344138247398 1428890344137851946 395452 24.10
1428890344168539207 1428890344167109377 1429830 24.11
1428890344195894300 1428890344195506843 387457 24.12
1428890344223225592 1428890344222766213 459379 24.13
1428890344250513884 1428890344250065384 448500 24.14
1428890344279647942 1428890344279177248 470694 24.15
1428890344307496131 1428890344306515295 980836 24.16
1428890344334911485 1428890344334412091 499394 24.17
1428890344363383702 1428890344361858807 1524895 24.18
1428890344393035664 1428890344390489277 2546387 24.19
1428890344422358083 1428890344420349433 2008650 24.20
1428890344449615609 1428890344449337872 277737 24.21
1428890344478209114 1428890344476453916 1755198 24.22
1428890344505672784 1428890344505364647 308137 24.23
1428890344532960496 1428890344532567197 393299 24.24
1428890344561154203 1428890344559829812 1324391 24.25
1428890344588757804 1428890344588056230 701574 24.26
1428890344618941819 1428890344616990426 1951393 24.27
1428890344647396350 1428890344646754697 641653 24.28
1428890344675883305 1428890344674312844 1570461 24.29
1428890344703243750 1428890344702822891 420859 24.30
1428890344732118160 1428890344730839143 1279017 24.31
1428890344761254369 1428890344759254025 2000344 24.32
1428890344790208430 1428890344788304344 1904086 24.33
1428890344818919146 1428890344817303209 1615937 24.34
1428890344847643097 1428890344845963369 1679728 24.35
1428890344876210094 1428890344874689335 1520759 24.36
1428890344903825586 1428890344903339596 485990 24.37
1428890344931727906 1428890344931256823 471083 24.37
1428890344959797153 1428890344959429271 367882 24.38
1428890344987045831 1428890344986655374 390457 24.39
1428890345014285272 1428890345013904760 380512 24.41
1428890345041551655 1428890345041155968 395687 24.42
1428890345068980540 1428890345068435966 544574 24.43
1428890345098723285 1428890345096764535 1958750 24.43
1428890345127335155 1428890345126961938 373217 24.44
1428890345154692271 1428890345154246142 446129 24.45
1428890345181910686 1428890345181546728 363958 24.46
1428890345865952750 1428890345864764818 1187932 24.03
1428890345894547378 1428890345893816513 730865 24.03
1428890345922834804 1428890345921528840 1305964 24.04
1428890345951838213 1428890345949918391 1919822 24.05
1428890345979458087 1428890345978962612 495475 24.06
1428890346008209020 1428890346007293031 915989 24.07
1428890346037358646 1428890346035969722 1388924 24.08
1428890346065130471 1428890346064344202 786269 24.09
1428890346093219733 1428890346092830538 389195 24.10
1428890346120513485 1428890346120108725 404760 24.11
1428890346147883673 1428890346147390926 492747 24.12
1428890346176309073 1428890346174851153 1457920 24.13
1428890346204966840 1428890346203400906 1565934 24.14
1428890346232344546 1428890346231885536 459010 24.15
1428890346261205416 1428890346259310108 1895308 24.16
1428890346288673317 1428890346288186874 486443 24.17
1428890346319143171 1428890346318291785 851386 24.18
1428890346347212173 1428890346346642926 569247 24.18
1428890346373991080 1428890346373605723 385357 24.19
1428890346401949766 1428890346401413554 536212 24.20
1428890346429501526 1428890346428703646 797880 24.21
1428890346456493207 1428890346456052653 440554 24.22
1428890346483356096 1428890346483146657 209439 24.23
1428890346510424060 1428890346509886998 537062 24.24
1428890346538107331 1428890346537549112 558219 24.25
1428890346565957178 1428890346565126567 830611 24.26
1428890346593531835 1428890346592499715 1032120 24.27
1428890346621341489 1428890346620596563 744926 24.28
1428890346649041028 1428890346647677231 1363797 24.29
1428890346675294578 1428890346674789490 505088 24.30
1428890346702081390 1428890346701680766 400624 24.31
1428890346729220207 1428890346728939831 280376 24.32
1428890346756686528 1428890346756181145 505383 24.33
1428890346786880556 1428890346784431778 2448778 24.34
1428890346814263715 1428890346813819824 443891 24.35
1428890346845639549 1428890346845245981 393568 24.36
1428890346874920957 1428890346872520406 2400551 24.36
1428890346903343045 1428890346902070585 1272460 24.37
1428890346932547680 1428890346930474384 2073296 24.38
1428890346961469713 1428890346959615356 1854357 24.39
1428890346990946417 1428890346990084209 862208 24.40
1428890347019275619 1428890347018810805 464814 24.41
1428890347047583050 1428890347047111699 471351 24.42
1428890347077147824 1428890347075414912 1732912 24.42
1428890347104550320 1428890347104072089 478231 24.43
1428890347133333235 1428890347131771539 1561696 24.44
1428890347162053901 1428890347160330463 1723438 24.45
1428890347191663735 1428890347190028789 1634946 24.46
1428890347877074171 1428890347876832938 241233 24.04
1428890347904516185 1428890347904394275 121910 24.05
1428890347935235007 1428890347933838645 1396362 24.06
1428890347963047882 1428890347962708211 339671 24.07
1428890347990235712 1428890347989877508 358204 24.08
1428890348018744087 1428890348018381461 362626 24.09
1428890348046066189 1428890348045616087 450102 24.10
1428890348073896714 1428890348073559721 336993 24.11
1428890348101078249 1428890348100748422 329827 24.12
1428890348128183721 1428890348127904841 278880 24.13
1428890348155283515 1428890348155000662 282853 24.14
1428890348182643137 1428890348182325618 317519 24.15
1428890348210014741 1428890348209777506 237235 24.16
1428890348238033864 1428890348237774605 259259 24.16
1428890348265932379 1428890348264782716 1149663 24.17
1428890348293368978 1428890348291710971 1658007 24.18
1428890348324463692 1428890348319820204 4643488 24.19
1428890348350253838 1428890348348790507 1463331 24.20
1428890348379645002 1428890348377606221 2038781 24.21
1428890348409500193 1428890348409046489 453704 24.22
1428890348437685157 1428890348437235705 449452 24.22
1428890348468200774 1428890348466117185 2083589 24.23
1428890348495680925 1428890348495521222 159703 24.24
1428890348523319411 1428890348523000716 318695 24.25
1428890348551435434 1428890348550677465 757969 24.26
1428890348578901228 1428890348577524059 1377169 24.27
1428890348611621989 1428890348609212707 2409282 24.27
1428890348640435018 1428890348636269537 4165481 24.28
1428890348663824415 1428890348663263352 561063 24.29
1428890348691417393 1428890348690171241 1246152 24.30
1428890348717633081 1428890348717063510 569571 24.31
1428890348745647599 1428890348744156829 1490770 24.32
1428890348776013244 1428890348772576215 3437029 24.33
1428890348803298934 1428890348802788675 510259 24.34
1428890348830690236 1428890348830197908 492328 24.35
1428890348860585776 1428890348858671697 1914079 24.35
1428890348889633271 1428890348887827555 1805716 24.36
1428890348919185934 1428890348917132660 2053274 24.37
1428890348946642847 1428890348946235066 407781 24.38
1428890348974930482 1428890348973570847 1359635 24.39
1428890349003377420 1428890349001991920 1385500 24.40
1428890349033535677 1428890349031378924 2156753 24.40
1428890349063242039 1428890349061136303 2105736 24.41
1428890349092520735 1428890349090844247 1676488 24.42
1428890349120921928 1428890349120542737 379191 24.43
1428890349148785893 1428890349148395340 390553 24.43
1428890349178467585 1428890349176603161 1864424 24.44
1428890349207552256 1428890349206846962 705294 24.45
1428890349891608761 1428890349890819083 789678 24.06
1428890349921068807 1428890349919185156 1883651 24.07
1428890349949311997 1428890349947986993 1325004 24.08
1428890349975386094 1428890349974895174 490920 24.09
1428890350004374640 1428890350003625919 748721 24.09
1428890350031777508 1428890350031402145 375363 24.10
1428890350059156497 1428890350058821483 335014 24.11
1428890350086697220 1428890350086441653 255567 24.12
1428890350114317747 1428890350114072171 245576 24.13
1428890350141381242 1428890350141117549 263693 24.14
1428890350172089863 1428890350169965219 2124644 24.15
1428890350199511394 1428890350199255952 255442 24.15
1428890350226914872 1428890350226530030 384842 24.16
1428890350256257530 1428890350255041080 1216450 24.17
1428890350285084808 1428890350283470022 1614786 24.18
1428890350313502921 1428890350312129191 1373730 24.19
1428890350341358775 1428890350340984980 373795 24.20
1428890350369345945 1428890350368978942 367003 24.20
1428890350397225837 1428890350396897346 328491 24.21
1428890350424599394 1428890350424249857 349537 24.22
1428890350451948668 1428890350451544017 404651 24.23
1428890350480136373 1428890350479694086 442287 24.24
1428890350508857914 1428890350507227651 1630263 24.25
1428890350537480240 1428890350535765553 1714687 24.25
1428890350569111101 1428890350568816726 294375 24.26
1428890350601495651 1428890350599325270 2170381 24.27
1428890350631882906 1428890350628490321 3392585 24.27
1428890350656494425 1428890350655336353 1158072 24.28
1428890350684045719 1428890350682636560 1409159 24.29
1428890350712305735 1428890350711046529 1259206 24.30
1428890350741407417 1428890350739312135 2095282 24.31
1428890350769498049 1428890350768961406 536643 24.32
1428890350796696948 1428890350796386766 310182 24.32
1428890350828985612 1428890350823577251 5408361 24.33
1428890350856614426 1428890350856171411 443015 24.34
1428890350885425615 1428890350884095788 1329827 24.35
1428890350913782326 1428890350912699186 1083140 24.35
1428890350942380516 1428890350940813922 1566594 24.36
1428890350969863497 1428890350969442043 421454 24.37
1428890350998825039 1428890350996876438 1948601 24.38
1428890351027675591 1428890351026969939 705652 24.39
1428890351055794399 1428890351054648968 1145431 24.39
1428890351084596002 1428890351082839223 1756779 24.40
1428890351111999072 1428890351111506240 492832 24.41
1428890351140289795 1428890351138889370 1400425 24.42
1428890351168472086 1428890351167259163 1212923 24.43
1428890351195914995 1428890351195423330 491665 24.43
1428890351890041427 1428890351889782057 259370 24.06
1428890351917610088 1428890351916939546 670542 24.07
1428890351945193569 1428890351944071118 1122451 24.07
1428890351972351450 1428890351972062053 289397 24.08
1428890351999961125 1428890351999713572 247553 24.09
1428890352031174035 1428890352029056052 2117983 24.10
1428890352058137377 1428890352057790102 347275 24.11
1428890352087222682 1428890352085755219 1467463 24.11
1428890352114354769 1428890352114065274 289495 24.12
1428890352144377401 1428890352142526216 1851185 24.13
1428890352173967799 1428890352173114391 853408 24.14
1428890352202187817 1428890352201930526 257291 24.14
1428890352232227964 1428890352230433963 1794001 24.15
1428890352261447108 1428890352259551053 1896055 24.16
1428890352288868170 1428890352288495980 372190 24.17
1428890352325750089 1428890352325389589 360500 24.17
1428890352354687321 1428890352352768893 1918428 24.18
1428890352385190581 1428890352384806370 384211 24.18
1428890352414569926 1428890352412048832 2521094 24.19
1428890352442019601 1428890352441622187 397414 24.20
1428890352469289872 1428890352468864768 425104 24.21
1428890352497385444 1428890352496136053 1249391 24.22
1428890352525447683 1428890352524968463 479220 24.22
1428890352557131616 1428890352552389542 4742074 24.23
1428890352586588334 1428890352584294385 2293949 24.24
1428890352619377633 1428890352613778770 5598863 24.24
1428890352645664623 1428890352641061340 4603283 24.25
1428890352669861040 1428890352668272339 1588701 24.26
1428890352698111782 1428890352697691875 419907 24.27
1428890352727762376 1428890352725796197 1966179 24.28
1428890352758438864 1428890352756174654 2264210 24.28
1428890352790311507 1428890352787429052 2882455 24.29
1428890352815042163 1428890352814659716 382447 24.30
1428890352842262716 1428890352841910783 351933 24.31
1428890352870345715 1428890352869335712 1010003 24.31
1428890352898900398 1428890352898319904 580494 24.32
1428890352926308661 1428890352925935425 373236 24.33
1428890352953498405 1428890352953221387 277018 24.34
1428890352981008759 1428890352980489380 519379 24.35
1428890353008293036 1428890353007831414 461622 24.35
1428890353038001943 1428890353035990637 2011306 24.36
1428890353068405094 1428890353066210493 2194601 24.37
1428890353097276436 1428890353096884089 392347 24.37
1428890353125824960 1428890353124173565 1651395 24.38
1428890353153382139 1428890353152899309 482830 24.39
1428890353182392333 1428890353180223844 2168489 24.40
1428890353211940292 1428890353209743985 2196307 24.40
1428890353894786761 1428890353894165844 620917 24.05
1428890353923902234 1428890353923572211 330023 24.06
1428890353952071985 1428890353951972222 99763 24.07
1428890353980017058 1428890353979702798 314260 24.07
1428890354007159416 1428890354006870357 289059 24.08
1428890354034255075 1428890354033995787 259288 24.09
1428890354062471895 1428890354061181611 1290284 24.10
1428890354091257847 1428890354090501002 756845 24.11
1428890354119385583 1428890354118914727 470856 24.11
1428890354147089633 1428890354146391417 698216 24.12
1428890354174519258 1428890354174097357 421901 24.13
1428890354202879419 1428890354201467823 1411596 24.14
1428890354230136394 1428890354229788359 348035 24.15
1428890354258199509 1428890354257061657 1137852 24.15
1428890354287185517 1428890354285337039 1848478 24.16
1428890354315439827 1428890354314387784 1052043 24.17
1428890354345305330 1428890354342872916 2432414 24.17
1428890354372900101 1428890354372330153 569948 24.18
1428890354400064905 1428890354399756855 308050 24.19
1428890354431867028 1428890354431651152 215876 24.20
1428890354458983367 1428890354458775557 207810 24.20
1428890354486479324 1428890354486223212 256112 24.21
1428890354513952966 1428890354513560543 392423 24.22
1428890354542604664 1428890354542012620 592044 24.23
1428890354570956298 1428890354570327958 628340 24.23
1428890354599922212 1428890354598156745 1765467 24.24
1428890354627972598 1428890354627131982 840616 24.25
1428890354658971555 1428890354656548464 2423091 24.25
1428890354687317169 1428890354686883154 434015 24.26
1428890354718169084 1428890354715948925 2220159 24.27
1428890354745547815 1428890354745176653 371162 24.28
1428890354772829305 1428890354772582142 247163 24.28
1428890354800859930 1428890354800497417 362513 24.29
1428890354828027220 1428890354827767802 259418 24.30
1428890354855348448 1428890354854889657 458791 24.31
1428890354883163318 1428890354882863411 299907 24.31
1428890354911493209 1428890354911084318 408891 24.32
1428890354938728237 1428890354938420489 307748 24.33
1428890354968610457 1428890354967125818 1484639 24.34
1428890355002987251 1428890355001439135 1548116 24.34
1428890355030313819 1428890355029947041 366778 24.35
1428890355057537067 1428890355057181147 355920 24.36
1428890355086055301 1428890355084688597 1366704 24.36
1428890355113401383 1428890355112909398 491985 24.37
1428890355141791480 1428890355141567257 224223 24.38
1428890355176744241 1428890355174767012 1977229 24.38
1428890355205049470 1428890355204487200 562270 24.39
1428890355888977479 1428890355888624893 352586 24.05
1428890355916987755 1428890355916639084 348671 24.06
1428890355945443335 1428890355944989073 454262 24.07
1428890355973835795 1428890355973524410 311385 24.07
1428890356001793956 1428890356001519055 274901 24.08
1428890356031802757 1428890356030008230 1794527 24.09
1428890356060351304 1428890356059674076 677228 24.10
1428890356088468624 1428890356087974827 493797 24.10
1428890356117414365 1428890356115595697 1818668 24.11
1428890356145410616 1428890356144813845 596771 24.12
1428890356173273476 1428890356172528749 744727 24.12
1428890356201170421 1428890356200248084 922337 24.13
1428890356230922446 1428890356228851975 2070471 24.14
1428890356258358985 1428890356257916126 442859 24.15
1428890356286976648 1428890356285778204 1198444 24.15
1428890356316404432 1428890356314962677 1441755 24.16
1428890356345152179 1428890356343589704 1562475 24.17
1428890356372787817 1428890356372260640 527177 24.17
1428890356401965793 1428890356401153531 812262 24.18
1428890356430166218 1428890356429862945 303273 24.19
1428890356462243081 1428890356461971007 272074 24.19
1428890356490223398 1428890356489985411 237987 24.20
1428890356518406794 1428890356518155162 251632 24.21
1428890356547312439 1428890356545623922 1688517 24.21
1428890356575801292 1428890356574768588 1032704 24.22
1428890356602008422 1428890356601585407 423015 24.23
1428890356629078041 1428890356628415483 662558 24.24
1428890356657274440 1428890356655340816 1933624 24.24
1428890356684421682 1428890356682374902 2046780 24.25
1428890356710284923 1428890356709367293 917630 24.26
1428890356737158113 1428890356736294307 863806 24.27
1428890356766009226 1428890356764093017 1916209 24.27
1428890356793341995 1428890356791098658 2243337 24.28
1428890356818556774 1428890356818191056 365718 24.29
1428890356845807785 1428890356845422915 384870 24.30
1428890356874151205 1428890356872719603 1431602 24.31
1428890356902161588 1428890356901504333 657255 24.31
1428890356929402888 1428890356929055269 347619 24.32
1428890356956775153 1428890356956417763 357390 24.33
1428890356985751110 1428890356984374040 1377070 24.33
1428890357013014567 1428890357012748805 265762 24.34
1428890357040447247 1428890357039768505 678742 24.35
1428890357068036143 1428890357067567834 468309 24.36
1428890357094628985 1428890357094351745 277240 24.36
1428890357122111553 1428890357121758992 352561 24.37
1428890357148942073 1428890357148610923 331150 24.38
1428890357176202270 1428890357175854609 347661 24.39
1428890357854561659 1428890357854301250 260409 24.07
1428890357881700403 1428890357881397803 302600 24.08
1428890357910305791 1428890357909575821 729970 24.08
1428890357937686395 1428890357937256375 430020 24.09
1428890357965698930 1428890357965210318 488612 24.10
1428890357994956698 1428890357993411627 1545071 24.10
1428890358024391559 1428890358022488392 1903167 24.11
1428890358054307707 1428890358053936304 371403 24.12
1428890358084086481 1428890358083842963 243518 24.12
1428890358111191872 1428890358110879211 312661 24.13
1428890358141128535 1428890358138913650 2214885 24.14
1428890358171396656 1428890358170729658 666998 24.14
1428890358200204569 1428890358198893688 1310881 24.15
1428890358227731518 1428890358227274651 456867 24.16
1428890358255852880 1428890358254618229 1234651 24.16
1428890358293277959 1428890358291380420 1897539 24.16
1428890358322523874 1428890358320276821 2247053 24.17
1428890358351207556 1428890358350184746 1022810 24.18
1428890358381367075 1428890358379057344 2309731 24.18
1428890358411272542 1428890358409198028 2074514 24.19
1428890358438819793 1428890358438371025 448768 24.20
1428890358466957816 1428890358465713015 1244801 24.20
1428890358498075220 1428890358494179357 3895863 24.21
1428890358525852845 1428890358525287579 565266 24.22
1428890358554593437 1428890358552316536 2276901 24.22
1428890358581736580 1428890358579433521 2303059 24.23
1428890358611316602 1428890358607810337 3506265 24.24
1428890358640096610 1428890358639651047 445563 24.24
1428890358667451263 1428890358666968146 483117 24.25
1428890358695003269 1428890358694434099 569170 24.26
1428890358722898895 1428890358722029478 869417 24.26
1428890358752170526 1428890358750107188 2063338 24.27
1428890358783088046 1428890358780246870 2841176 24.28
1428890358810495213 1428890358810133914 361299 24.28
1428890358837777213 1428890358837380802 396411 24.29
1428890358865276481 1428890358864721520 554961 24.30
1428890358894604642 1428890358892418637 2186005 24.30
1428890358923280311 1428890358921679900 1600411 24.31
1428890358950792267 1428890358950266118 526149 24.32
1428890358979392543 1428890358977761577 1630966 24.32
1428890359007766221 1428890359006342196 1424025 24.33
1428890359035049723 1428890359034675850 373873 24.34
1428890359064424339 1428890359062056421 2367918 24.34
1428890359092996224 1428890359091415139 1581085 24.35
1428890359122148689 1428890359120019991 2128698 24.36
1428890359151448929 1428890359149263361 2185568 24.36
1428890359180214555 1428890359179748670 465885 24.37
1428890359209038768 1428890359207170555 1868213 24.37
1428890359896816869 1428890359896348499 468370 24.07
1428890359924070550 1428890359923692933 377617 24.07
1428890359951281536 1428890359950928750 352786 24.08
1428890359978533569 1428890359978160960 372609 24.09
1428890360006203478 1428890360005523811 679667 24.09
1428890360034134198 1428890360033284950 849248 24.10
1428890360062865145 1428890360062001527 863618 24.11
1428890360093096394 1428890360090760573 2335821 24.11
1428890360122216318 1428890360121718294 498024 24.12
1428890360149506059 1428890360149243538 262521 24.13
1428890360177392249 1428890360177121697 270552 24.13
1428890360205968564 1428890360204387202 1581362 24.14
1428890360233921341 1428890360233395973 525368 24.15
1428890360263634971 1428890360261648351 1986620 24.15
1428890360293416933 1428890360291382180 2034753 24.16
1428890360320765762 1428890360320477366 288396 24.16
1428890360348531495 1428890360348296361 235134 24.17
1428890360375599862 1428890360375364469 235393 24.18
1428890360402782102 1428890360402448159 333943 24.19
1428890360430089122 1428890360429617025 472097 24.19
1428890360457425871 1428890360457174960 250911 24.20
1428890360484846922 1428890360484528423 318499 24.21
1428890360511740988 1428890360511327191 413797 24.21
1428890360540239322 1428890360538201948 2037374 24.22
1428890360565903852 1428890360565147726 756126 24.23
1428890360592834483 1428890360592159860 674623 24.24
1428890360619688350 1428890360619011225 677125 24.24
1428890360646708481 1428890360645887531 820950 24.25
1428890360673546164 1428890360673074139 472025 24.26
1428890360701839747 1428890360701408248 431499 24.26
1428890360731076306 1428890360729493231 1583075 24.27
1428890360758456347 1428890360758089904 366443 24.28
1428890360789539556 1428890360786175127 3364429 24.28
1428890360817133859 1428890360816847700 286159 24.29
1428890360844218607 1428890360843957852 260755 24.30
1428890360871282379 1428890360871019853 262526 24.30
1428890360898836596 1428890360898141782 694814 24.31
1428890360926201384 1428890360925822757 378627 24.32
1428890360954145001 1428890360953745549 399452 24.32
1428890360984293261 1428890360982145052 2148209 24.33
1428890361011903064 1428890361011253690 649374 24.33
1428890361041927271 1428890361040204974 1722297 24.34
1428890361069201512 1428890361068883529 317983 24.35
1428890361096325912 1428890361096050893 275019 24.35
1428890361123669556 1428890361123208388 461168 24.36
1428890361152598640 1428890361151123771 1474869 24.37
1428890361180234470 1428890361179763873 470597 24.37
1428890361878615367 1428890361877913908 701459 24.07
1428890361908657167 1428890361906715073 1942094 24.08
1428890361937541246 1428890361935751966 1789280 24.08
1428890361967285759 1428890361964998119 2287640 24.09
1428890361996996457 1428890361994587716 2408741 24.09
1428890362026350316 1428890362024160562 2189754 24.10
1428890362055159505 1428890362053700747 1458758 24.11
1428890362083746094 1428890362082315982 1430112 24.11
1428890362112951052 1428890362110831553 2119499 24.12
1428890362143137998 1428890362140018078 3119920 24.12
1428890362173263842 1428890362173002534 261308 24.13
1428890362201225893 1428890362200870183 355710 24.14
1428890362228940229 1428890362228438032 502197 24.14
1428890362256999574 1428890362255393487 1606087 24.15
1428890362285972576 1428890362284281276 1691300 24.16
1428890362313384879 1428890362312961377 423502 24.16
1428890362341421825 1428890362341181737 240088 24.17
1428890362369326373 1428890362368843586 482787 24.17
1428890362396445710 1428890362396159702 286008 24.18
1428890362423947144 1428890362423341401 605743 24.19
1428890362451204386 1428890362450501040 703346 24.20
1428890362478381644 1428890362477887021 494623 24.20
1428890362505339452 1428890362504776669 562783 24.21
1428890362532245860 1428890362531743054 502806 24.22
1428890362561406875 1428890362558962054 2444821 24.22
1428890362586812539 1428890362586121065 691474 24.23
1428890362613623088 1428890362613159898 463190 24.24
1428890362640654371 1428890362639978929 675442 24.24
1428890362668528545 1428890362667866041 662504 24.25
1428890362696158679 1428890362695457558 701121 24.26
1428890362724576417 1428890362722468235 2108182 24.26
1428890362751694733 1428890362749648563 2046170 24.27
1428890362779989302 1428890362777102373 2886929 24.28
1428890362804485030 1428890362804104669 380361 24.28
1428890362831695237 1428890362831389112 306125 24.29
1428890362860043011 1428890362858672013 1370998 24.30
1428890362888430134 1428890362887033314 1396820 24.30
1428890362915600708 1428890362915369841 230867 24.31
1428890362942852314 1428890362942576490 275824 24.32
1428890362971837595 1428890362970000584 1837011 24.32
1428890363000502009 1428890362999283547 1218462 24.33
1428890363027899075 1428890363027458603 440472 24.33
1428890363058223090 1428890363055777160 2445930 24.34
1428890363092841019 1428890363088278998 4562021 24.34
1428890363120671578 1428890363115287830 5383748 24.35
1428890363143013046 1428890363142289855 723191 24.36
1428890363169733931 1428890363169141957 591974 24.36
1428890363850853628 1428890363850541579 312049 24.08
1428890363879457300 1428890363877843653 1613647 24.09
1428890363908069542 1428890363906803864 1265678 24.09
1428890363935328471 1428890363934983396 345075 24.10
1428890363962504533 1428890363962166737 337796 24.11
1428890363989745241 1428890363989373733 371508 24.11
1428890364019121786 1428890364016836543 2285243 24.12
1428890364046579298 1428890364046234726 344572 24.13
1428890364075655990 1428890364073629493 2026497 24.13
1428890364105521491 1428890364104794354 727137 24.14
1428890364136311517 1428890364134599183 1712334 24.14
1428890364166764029 1428890364164867970 1896059 24.15
1428890364196109187 1428890364194007942 2101245 24.15
1428890364225213710 1428890364223339977 1873733 24.16
1428890364252961108 1428890364252474116 486992 24.16
1428890364281061217 1428890364280180431 880786 24.17
1428890364310236493 1428890364308096346 2140147 24.18
1428890364343089209 1428890364340755709 2333500 24.18
1428890364371713497 1428890364370130913 1582584 24.19
1428890364400629503 1428890364398794433 1835070 24.19
1428890364428188750 1428890364427747235 441515 24.20
1428890364464934179 1428890364463263461 1670718 24.20
1428890364495242158 1428890364493105613 2136545 24.21
1428890364525100896 1428890364524692082 408814 24.21
1428890364557456530 1428890364553783746 3672784 24.22
1428890364585287557 1428890364581192965 4094592 24.22
1428890364609815670 1428890364608227051 1588619 24.23
1428890364637637380 1428890364635200217 2437163 24.24
1428890364663528488 1428890364662179448 1349040 24.24
1428890364691681362 1428890364689244655 2436707 24.25
1428890364719758682 1428890364716383619 3375063 24.25
1428890364746904533 1428890364743432339 3472194 24.26
1428890364772910657 1428890364770549646 2361011 24.27
1428890364799354765 1428890364797644272 1710493 24.27
1428890364825106035 1428890364824603583 502452 24.28
1428890364854109269 1428890364851811457 2297812 24.29
1428890364880891085 1428890364878883151 2007934 24.29
1428890364912476007 1428890364910294931 2181076 24.30
1428890364941368815 1428890364940884851 483964 24.30
1428890364969372384 1428890364967853546 1518838 24.31
1428890364996956064 1428890364996196380 759684 24.32
1428890365026104565 1428890365024932567 1171998 24.32
1428890365055590490 1428890365053299125 2291365 24.33
1428890365084916063 1428890365083980084 935979 24.33
1428890365115197126 1428890365113134819 2062307 24.34
1428890365142819202 1428890365142327282 491920 24.34
1428890365171700757 1428890365169864095 1836662 24.35
1428890365201498313 1428890365199851799 1646514 24.35
1428890365883324587 1428890365883055394 269193 24.08
1428890365912111823 1428890365910264701 1847122 24.09
1428890365940273476 1428890365939169298 1104178 24.09
1428890365968967628 1428890365967327998 1639630 24.10
1428890365997182539 1428890365995947483 1235056 24.11
1428890366026136060 1428890366024352289 1783771 24.11
1428890366056291169 1428890366054257419 2033750 24.12
1428890366083854170 1428890366083571569 282601 24.12
1428890366110958201 1428890366110676432 281769 24.13
1428890366139884988 1428890366138016920 1868068 24.13
1428890366170389509 1428890366169288086 1101423 24.14
1428890366199213143 1428890366197956709 1256434 24.15
1428890366226683510 1428890366226158209 525301 24.15
1428890366257819368 1428890366254319983 3499385 24.16
1428890366285573586 1428890366285096262 477324 24.16
1428890366315159526 1428890366314736627 422899 24.17
1428890366343305815 1428890366342873581 432234 24.17
1428890366370608214 1428890366370285928 322286 24.18
1428890366398507757 1428890366398177823 329934 24.19
1428890366427705705 1428890366425683668 2022037 24.19
1428890366459068382 1428890366455012071 4056311 24.20
1428890366486544752 1428890366486185411 359341 24.20
1428890366513812425 1428890366513485726 326699 24.21
1428890366541002607 1428890366540718497 284110 24.21
1428890366568961865 1428890366567909746 1052119 24.22
1428890366597220872 1428890366595911071 1309801 24.23
1428890366625007937 1428890366624375317 632620 24.23
1428890366655050464 1428890366652729450 2321014 24.24
1428890366680246387 1428890366679599454 646933 24.24
1428890366706879564 1428890366706362290 517274 24.25
1428890366733826768 1428890366733430253 396515 24.26
1428890366763332080 1428890366760775371 2556709 24.26
1428890366791546705 1428890366789844331 1702374 24.27
1428890366818644273 1428890366818262230 382043 24.27
1428890366857361926 1428890366857217448 144478 24.28
1428890366888508200 1428890366884484497 4023703 24.28
1428890366911695869 1428890366911469239 226630 24.29
1428890366938879648 1428890366938590378 289270 24.29
1428890366966184680 1428890366965861487 323193 24.30
1428890366993519463 1428890366993092311 427152 24.31
1428890367021487404 1428890367021041380 446024 24.31
1428890367048873825 1428890367048376163 497662 24.32
1428890367076212108 1428890367075774959 437149 24.32
1428890367103410916 1428890367103068289 342627 24.33
1428890367132017389 1428890367130387396 1629993 24.34
1428890367161150873 1428890367159154883 1995990 24.34
1428890367190968761 1428890367189124182 1844579 24.35
1428890367879438716 1428890367878867798 570918 24.08
1428890367906767100 1428890367905722831 1044269 24.09
1428890367933697390 1428890367932935588 761802 24.09
1428890367962338043 1428890367961061440 1276603 24.10
1428890367990666654 1428890367988326609 2340045 24.11
1428890368016825956 1428890368015144177 1681779 24.11
1428890368043766935 1428890368042066577 1700358 24.12
1428890368074421204 1428890368069462061 4959143 24.12
1428890368099369975 1428890368097937875 1432100 24.13
1428890368125113666 1428890368124939181 174485 24.14
1428890368157016781 1428890368156133056 883725 24.14
1428890368185486474 1428890368185268519 217955 24.15
1428890368212567768 1428890368212355194 212574 24.15
1428890368239820202 1428890368239500901 319301 24.16
1428890368268445355 1428890368268345883 99472 24.16
1428890368299741558 1428890368299126428 615130 24.17
1428890368327959600 1428890368327499999 459601 24.17
1428890368361512252 1428890368359459670 2052582 24.18
1428890368389585824 1428890368389258936 326888 24.18
1428890368417373956 1428890368416843718 530238 24.19
1428890368444825252 1428890368443784035 1041217 24.19
1428890368471594190 1428890368470731252 862938 24.20
1428890368498031452 1428890368497642867 388585 24.21
1428890368524936946 1428890368524476998 459948 24.21
1428890368553435686 1428890368551989858 1445828 24.22
1428890368581199042 1428890368579286737 1912305 24.23
1428890368608024758 1428890368606390578 1634180 24.23
1428890368637623810 1428890368635693238 1930572 24.24
1428890368664726290 1428890368663762622 963668 24.24
1428890368691874867 1428890368691336868 537999 24.25
1428890368719151013 1428890368718626265 524748 24.25
1428890368747081330 1428890368746118054 963276 24.26
1428890368774699844 1428890368774032443 667401 24.27
1428890368801843835 1428890368801585655 258180 24.27
1428890368829214712 1428890368828706887 507825 24.28
1428890368863301167 1428890368863077555 223612 24.28
1428890368893024269 1428890368891705497 1318772 24.29
1428890368921108093 1428890368920559654 548439 24.29
1428890368948496186 1428890368948000017 496169 24.30
1428890368976104481 1428890368975647169 457312 24.30
1428890369006111700 1428890369004427423 1684277 24.31
1428890369034536170 1428890369033155916 1380254 24.31
1428890369065084483 1428890369063673966 1410517 24.32
1428890369092807599 1428890369092344712 462887 24.32
1428890369122804274 1428890369121227058 1577216 24.33
1428890369152902939 1428890369151182573 1720366 24.33
1428890369180348396 1428890369179901746 446650 24.34
1428890369210352781 1428890369208734425 1618356 24.34
1428890369902395765 1428890369900304603 2091162 24.09
1428890369929787236 1428890369929442020 345216 24.09
1428890369957020504 1428890369956635960 384544 24.10
1428890369984356016 1428890369983886137 469879 24.10
1428890370011585950 1428890370011215922 370028 24.11
1428890370038739302 1428890370038433525 305777 24.12
1428890370065900128 1428890370065562910 337218 24.12
1428890370094701826 1428890370092860252 1841574 24.13
1428890370124017276 1428890370122011726 2005550 24.13
1428890370153069217 1428890370151972942 1096275 24.14
1428890370180790785 1428890370180089463 701322 24.14
1428890370209736129 1428890370207766129 1970000 24.15
1428890370237119301 1428890370236700499 418802 24.15
1428890370266243082 1428890370264197963 2045119 24.16
1428890370293494616 1428890370293222180 272436 24.17
1428890370322070747 1428890370321799105 271642 24.17
1428890370353755104 1428890370351578239 2176865 24.17
1428890370384215292 1428890370382499817 1715475 24.18
1428890370415094781 1428890370413142866 1951915 24.18
1428890370442210009 1428890370442078150 131859 24.19
1428890370471657996 1428890370471425865 232131 24.19
1428890370503006236 1428890370501623530 1382706 24.20
1428890370531137434 1428890370530210682 926752 24.20
1428890370559540888 1428890370559039394 501494 24.21
1428890370587499378 1428890370586974987 524391 24.21
1428890370617231365 1428890370615079176 2152189 24.22
1428890370644913677 1428890370644302295 611382 24.23
1428890370672844657 1428890370671235915 1608742 24.23
1428890370699331984 1428890370698518184 813800 24.24
1428890370728103570 1428890370726491143 1612427 24.24
1428890370759237491 1428890370757392523 1844968 24.25
1428890370786599069 1428890370786189419 409650 24.25
1428890370813709984 1428890370813431787 278197 24.26
1428890370842157102 1428890370840577117 1579985 24.26
1428890370872503059 1428890370870540937 1962122 24.27
1428890370903230464 1428890370901178458 2052006 24.27
1428890370930431014 1428890370930173096 257918 24.28
1428890370958673154 1428890370957285276 1387878 24.28
1428890370987558331 1428890370985969544 1588787 24.29
1428890371018266581 1428890371016189063 2077518 24.29
1428890371045766745 1428890371045316669 450076 24.30
1428890371075736841 1428890371073651417 2085424 24.30
1428890371107842843 1428890371104800149 3042694 24.31
1428890371135405379 1428890371135004624 400755 24.31
1428890371165016672 1428890371163020874 1995798 24.32
1428890371193005847 1428890371191916247 1089600 24.32
1428890371883450340 1428890371881832960 1617380 24.07
1428890371912408763 1428890371911374749 1034014 24.08
1428890371939835743 1428890371939380598 455145 24.09
1428890371966543352 1428890371966203634 339718 24.09
1428890371994365181 1428890371993557051 808130 24.10
1428890372021723735 1428890372021354042 369693 24.10
1428890372048992387 1428890372048615866 376521 24.11
1428890372077837151 1428890372075826471 2010680 24.11
1428890372105984844 1428890372105699723 285121 24.12
1428890372133076952 1428890372132806678 270274 24.12
1428890372160202833 1428890372159902992 299841 24.13
1428890372187289238 1428890372187036324 252914 24.14
1428890372214430476 1428890372214112819 317657 24.14
1428890372241573704 1428890372241273153 300551 24.15
1428890372268772066 1428890372268419078 352988 24.15
1428890372296062138 1428890372295643343 418795 24.16
1428890372323374600 1428890372322947544 427056 24.16
1428890372350577458 1428890372350230156 347302 24.17
1428890372380954981 1428890372378661613 2293368 24.17
1428890372409597844 1428890372409264675 333169 24.18
1428890372436842540 1428890372436438796 403744 24.19
1428890372464602723 1428890372464031806 570917 24.19
1428890372493852526 1428890372493515382 337144 24.20
1428890372522521703 1428890372522215996 305707 24.20
1428890372552028827 1428890372549936763 2092064 24.21
1428890372577676703 1428890372577349204 327499 24.21
1428890372612340992 1428890372610833808 1507184 24.21
1428890372640318621 1428890372639681669 636952 24.22
1428890372668949555 1428890372667421235 1528320 24.22
1428890372696174878 1428890372695938540 236338 24.23
1428890372725198043 1428890372723324878 1873165 24.24
1428890372753995862 1428890372752140215 1855647 24.24
1428890372781684522 1428890372781021277 663245 24.25
1428890372808910985 1428890372808581517 329468 24.25
1428890372836003356 1428890372835724494 278862 24.26
1428890372863868006 1428890372862836168 1031838 24.26
1428890372892226152 1428890372891070995 1155157 24.27
1428890372921597051 1428890372921080203 516848 24.27
1428890372951147447 1428890372949163850 1983597 24.28
1428890372978462154 1428890372978132628 329526 24.28
1428890373008189501 1428890373006076757 2112744 24.29
1428890373036148878 1428890373035531395 617483 24.29
1428890373063826108 1428890373062399809 1426299 24.30
1428890373090504247 1428890373089841428 662819 24.30
1428890373117379339 1428890373116737634 641705 24.31
1428890373144425443 1428890373143911541 513902 24.31
1428890373172128495 1428890373171357476 771019 24.32
1428890373199101584 1428890373198449703 651881 24.33
1428890373882714049 1428890373880702672 2011377 24.09
1428890373914690183 1428890373913048866 1641317 24.09
1428890373941899494 1428890373940416280 1483214 24.10
1428890373969756193 1428890373969455459 300734 24.10
1428890373999075970 1428890373996897762 2178208 24.11
1428890374026372277 1428890374026049450 322827 24.11
1428890374053642560 1428890374053262374 380186 24.12
1428890374080862538 1428890374080494703 367835 24.12
1428890374108071994 1428890374107714659 357335 24.13
1428890374137993927 1428890374136695275 1298652 24.13
1428890374169690513 1428890374167992684 1697829 24.14
1428890374198464348 1428890374198023312 441036 24.14
1428890374225852758 1428890374225371041 481717 24.15
1428890374254834269 1428890374253407195 1427074 24.15
1428890374282952899 1428890374281769640 1183259 24.16
1428890374311808147 1428890374310828950 979197 24.16
1428890374339227813 1428890374338760492 467321 24.17
1428890374366468234 1428890374366051210 417024 24.17
1428890374393529800 1428890374393292729 237071 24.18
1428890374421341948 1428890374420794326 547622 24.19
1428890374448988012 1428890374448206796 781216 24.19
1428890374475525914 1428890374475024855 501059 24.20
1428890374503305624 1428890374502108453 1197171 24.20
1428890374532132026 1428890374529663312 2468714 24.21
1428890374558126845 1428890374557839776 287069 24.21
1428890374586204742 1428890374585952996 251746 24.22
1428890374615473667 1428890374613171382 2302285 24.22
1428890374642807882 1428890374641325439 1482443 24.23
1428890374671056622 1428890374669677869 1378753 24.23
1428890374698221853 1428890374697889235 332618 24.24
1428890374726009709 1428890374725450988 558721 24.24
1428890374754101427 1428890374753628101 473326 24.25
1428890374781446966 1428890374780989032 457934 24.25
1428890374808571381 1428890374808272639 298742 24.26
1428890374838191397 1428890374836923878 1267519 24.26
1428890374866589409 1428890374866173722 415687 24.27
1428890374894931680 1428890374894591510 340170 24.27
1428890374925528909 1428890374924228606 1300303 24.28
1428890374953448084 1428890374952811267 636817 24.28
1428890374982920771 1428890374981571943 1348828 24.29
1428890375011509736 1428890375010876511 633225 24.29
1428890375038624488 1428890375038378350 246138 24.30
1428890375066021957 1428890375065761050 260907 24.30
1428890375095226532 1428890375092988836 2237696 24.31
1428890375123117668 1428890375122222839 894829 24.31
1428890375152234198 1428890375150627885 1606313 24.32
1428890375180569459 1428890375180354004 215455 24.32
1428890375862037737 1428890375860768512 1269225 24.09
1428890375889081345 1428890375888855140 226205 24.10
1428890375917493858 1428890375916916421 577437 24.10
1428890375946491684 1428890375944964154 1527530 24.11
1428890375973811230 1428890375973408185 403045 24.11
1428890376002720892 1428890376002246215 474677 24.12
1428890376032950230 1428890376031540682 1409548 24.12
1428890376061850699 1428890376060738762 1111937 24.13
1428890376089777241 1428890376089128430 648811 24.13
1428890376118151267 1428890376117710585 440682 24.14
1428890376146206850 1428890376145750236 456614 24.14
1428890376175601431 1428890376174838404 763027 24.15
1428890376202950253 1428890376202554511 395742 24.15
1428890376233148557 1428890376231269646 1878911 24.16
1428890376260351879 1428890376260086319 265560 24.16
1428890376289640141 1428890376288092242 1547899 24.17
1428890376316861672 1428890376316549887 311785 24.17
1428890376344215123 1428890376343739895 475228 24.18
1428890376373161958 1428890376371749457 1412501 24.18
1428890376402468429 1428890376401950564 517865 24.19
1428890376437383048 1428890376434789800 2593248 24.19
1428890376465849796 1428890376464941018 908778 24.19
1428890376493069442 1428890376492840692 228750 24.20
1428890376520557324 1428890376520321850 235474 24.20
1428890376549894213 1428890376548799787 1094426 24.21
1428890376583051020 1428890376581833259 1217761 24.21
1428890376610993042 1428890376610147974 845068 24.22
1428890376638325312 1428890376638080414 244898 24.22
1428890376666564623 1428890376666344605 220018 24.23
1428890376694634782 1428890376693562877 1071905 24.23
1428890376724034632 1428890376721764037 2270595 24.24
1428890376749110925 1428890376748555533 555392 24.24
1428890376779539642 1428890376776297765 3241877 24.25
1428890376803684449 1428890376803132929 551520 24.25
1428890376830626663 1428890376829918094 708569 24.26
1428890376861117534 1428890376857123003 3994531 24.26
1428890376885482650 1428890376883942758 1539892 24.27
1428890376911510345 1428890376910754243 756102 24.27
1428890376938476450 1428890376937590176 886274 24.28
1428890376966365510 1428890376964527541 1837969 24.28
1428890376993114892 1428890376991370210 1744682 24.29
1428890377019362123 1428890377018208468 1153655 24.30
1428890377052873772 1428890377045603516 7270256 24.30
1428890377077944055 1428890377073101618 4842437 24.30
1428890377102725180 1428890377101094297 1630883 24.31
1428890377130081872 1428890377128023758 2058114 24.32
1428890377157349930 1428890377154938885 2411045 24.32
1428890377184323834 1428890377181993469 2330365 24.33
1428890377875752168 1428890377874489705 1262463 24.10
1428890377903259900 1428890377902866995 392905 24.11
1428890377931372983 1428890377931041657 331326 24.11
1428890377959874260 1428890377959464693 409567 24.12
1428890377988725004 1428890377988208006 516998 24.12
1428890378015948154 1428890378015617604 330550 24.13
1428890378043381520 1428890378043027242 354278 24.13
1428890378073355130 1428890378073234148 120982 24.13
1428890378107760620 1428890378102787012 4973608 24.14
1428890378135936238 1428890378134822484 1113754 24.14
1428890378165341116 1428890378163706512 1634604 24.15
1428890378192833853 1428890378192412917 420936 24.15
1428890378220936942 1428890378220319366 617576 24.16
1428890378248875117 1428890378247973686 901431 24.16
1428890378277185604 1428890378276916461 269143 24.17
1428890378304473144 1428890378304223421 249723 24.17
1428890378333038158 1428890378331869428 1168730 24.18
1428890378364732703 1428890378363830686 902017 24.18
1428890378392592115 1428890378391549077 1043038 24.18
1428890378419976229 1428890378418639788 1336441 24.19
1428890378447038144 1428890378445448804 1589340 24.19
1428890378473816106 1428890378472260635 1555471 24.20
1428890378502995163 1428890378500474332 2520831 24.20
1428890378529705652 1428890378527491412 2214240 24.21
1428890378555951277 1428890378554772747 1178530 24.22
1428890378583413919 1428890378581616768 1797151 24.22
1428890378610124381 1428890378608441976 1682405 24.23
1428890378637519693 1428890378635466949 2052744 24.23
1428890378663853278 1428890378662870086 983192 24.24
1428890378690673380 1428890378690385119 288261 24.24
1428890378719177747 1428890378718842963 334784 24.25
1428890378752197671 1428890378751882152 315519 24.25
1428890378780401406 1428890378779786046 615360 24.25
1428890378808182985 1428890378807901504 281481 24.26
1428890378835533509 1428890378835067555 465954 24.26
1428890378867200869 1428890378865400086 1800783 24.27
1428890378896474956 1428890378895180614 1294342 24.27
1428890378924557955 1428890378923567685 990270 24.28
1428890378960260373 1428890378959107051 1153322 24.28
1428890378990033977 1428890378988210033 1823944 24.28
1428890379017436204 1428890379016997575 438629 24.29
1428890379045230549 1428890379044850619 379930 24.29
1428890379072409533 1428890379072079837 329696 24.30
1428890379099615074 1428890379099279837 335237 24.30
1428890379128914823 1428890379127198680 1716143 24.31
1428890379158108444 1428890379156058819 2049625 24.31
1428890379186847501 1428890379185957402 890099 24.32
1428890379873051115 1428890379872753213 297902 24.10
1428890379900962968 1428890379899883448 1079520 24.10
1428890379928004753 1428890379927761485 243268 24.11
1428890379956864168 1428890379956287570 576598 24.11
1428890379985005019 1428890379984671347 333672 24.12
1428890380014501506 1428890380012662453 1839053 24.12
1428890380041639006 1428890380041398521 240485 24.13
1428890380070201391 1428890380068431715 1769676 24.13
1428890380097772140 1428890380097249457 522683 24.14
1428890380127079190 1428890380125468782 1610408 24.14
1428890380154874577 1428890380154238340 636237 24.15
1428890380183278222 1428890380182661973 616249 24.15
1428890380211047330 1428890380210292396 754934 24.16
1428890380238363820 1428890380237972889 390931 24.16
1428890380265760733 1428890380265329325 431408 24.17
1428890380293937248 1428890380293689179 248069 24.17
1428890380321117076 1428890380320756524 360552 24.18
1428890380352162414 1428890380350687634 1474780 24.18
1428890380384852449 1428890380384201369 651080 24.18
1428890380414199029 1428890380413688109 510920 24.19
1428890380445922003 1428890380443686346 2235657 24.19
1428890380474289340 1428890380473901787 387553 24.19
1428890380506117479 1428890380504409545 1707934 24.20
1428890380533384321 1428890380533092782 291539 24.20
1428890380560535898 1428890380560214848 321050 24.21
1428890380587617205 1428890380587343020 274185 24.21
1428890380617230518 1428890380615322754 1907764 24.22
1428890380642613967 1428890380642187796 426171 24.22
1428890380672060091 1428890380670228242 1831849 24.23
1428890380699508840 1428890380699038620 470220 24.23
1428890380726839820 1428890380726347224 492596 24.24
1428890380754515571 1428890380754091725 423846 24.24
1428890380782931541 1428890380782526412 405129 24.25
1428890380810108552 1428890380809783723 324829 24.25
1428890380838093258 1428890380837374714 718544 24.26
1428890380868474538 1428890380868349767 124771 24.26
1428890380897763182 1428890380895397201 2365981 24.26
1428890380923888296 1428890380923512072 376224 24.27
1428890380951984778 1428890380951600248 384530 24.27
1428890380980075438 1428890380979746275 329163 24.28
1428890381008362141 1428890381008034963 327178 24.28
1428890381039122272 1428890381037511990 1610282 24.29
1428890381066465252 1428890381066152985 312267 24.29
1428890381096543578 1428890381095022821 1520757 24.29
1428890381125054392 1428890381123564975 1489417 24.30
1428890381153176260 1428890381151945302 1230958 24.30
1428890381180946207 1428890381180187953 758254 24.31
1428890381873425818 1428890381872770037 655781 24.10
1428890381901474270 1428890381899682795 1791475 24.10
1428890381928508204 1428890381926596559 1911645 24.11
1428890381955387459 1428890381953553935 1833524 24.11
1428890381982483076 1428890381980568696 1914380 24.12
1428890382009940246 1428890382007773517 2166729 24.12
1428890382037139663 1428890382034842450 2297213 24.13
1428890382063951719 1428890382061777338 2174381 24.13
1428890382090822909 1428890382088709796 2113113 24.14
1428890382118069256 1428890382115661863 2407393 24.14
1428890382145256381 1428890382142924117 2332264 24.15
1428890382171230580 1428890382170728594 501986 24.15
1428890382200382841 1428890382198474336 1908505 24.15
