1431148431236357563 0
1431148431236587043 1
1431148431237513113 1
1431148431237799147 1
1431148431237840201 1
1431148431237991117 1
1431148431238020323 1
1431148431238059000 1
1431148431238389976 1
1431148431238435833 2
1431148431238467256 2
1431148431238671694 2
1431148431238713218 2
1431148431239395968 2
1431148431239500515 2
1431148431239534529 2
1431148431240090264 2
1431148431240134213 3
1431148431240165132 3
1431148431241453263 3
1431148431241494592 3
1431148431241586659 3
1431148431241680273 3
1431148431241715584 3
1431148431241908470 3
1431148431241956804 4
1431148431241988148 4
1431148431242158998 4
1431148431242194275 4
1431148431242281613 4
1431148431242973961 4
1431148431243016427 4
1431148431243478551 4
1431148431243520885 5
1431148431243550910 5
1431148431243772960 5
1431148431243807995 5
1431148431243844502 5
1431148431243896006 5
1431148431243896234 5
1431148431244375929 5
1431148431244419152 6
1431148431244468597 6
1431148431247849884 6
1431148431247920075 6
1431148431247948477 6
1431148431247990743 7
1431148431248017339 7
1431148431248049887 7
1431148431248564885 7
1431148431248666092 8
1431148431248706067 8
1431148431248861185 8
1431148431248861432 8
1431148431249399903 8
1431148431249443536 8
1431148431249487094 9
1431148431249521148 9
1431148431249546806 9
1431148431249576736 9
1431148431249703980 9
1431148431249740747 9
1431148431249775978 9
1431148431249861523 9
1431148431249904801 9
1431148431250077381 9
1431148431250127808 10
1431148431250160576 10
1431148431254720493 10
1431148431254784875 10
1431148431254826294 10
1431148431254860285 10
1431148431254898323 11
1431148431254922784 11
1431148431254945915 11
1431148431254985795 11
1431148431255141343 11
1431148431255177344 11
1431148431255958835 11
1431148431256255052 11
1431148431256299739 11
1431148431256437454 11
1431148431256478131 12
1431148431256525208 12
1431148431256695105 12
1431148431256695352 12
1431148431256695560 12
1431148431256719634 12
1431148431256756320 13
1431148431256779374 13
1431148431256801410 13
1431148431256830729 13
1431148431256978538 13
1431148431257011242 13
1431148431257033321 13
1431148431258047438 13
1431148431258091773 13
1431148431258246890 13
1431148431258295228 14
1431148431258325238 14
1431148431260868138 14
1431148431260932624 14
1431148431260961177 14
1431148431260991990 14
1431148431261029125 15
1431148431261053869 15
1431148431261077288 15
1431148431261106519 15
1431148431261377475 15
1431148431261420723 15
1431148431261444926 15
1431148431261788842 15
1431148431261835038 15
1431148431262386388 15
1431148431262427162 16
1431148431262467508 16
1431148431262703791 16
1431148431262753056 16
1431148431262770181 16
1431148431262770390 16
1431148431262770674 17
1431148431262770921 17
1431148431262771167 17
1431148431262771376 17
1431148431262893292 17
1431148431262935166 17
1431148431262958255 17
1431148431263145864 17
1431148431263181804 17
1431148431264035285 17
1431148431264100026 18
1431148431264132484 18
1431148431267542612 18
1431148431267608314 18
1431148431267679745 18
1431148431267892249 18
1431148431267938747 18
1431148431267968496 19
1431148431267968743 19
1431148431267969027 19
1431148431268000447 19
1431148431268036919 19
1431148431268131792 19
1431148431268369576 19
1431148431268402979 19
1431148431269311917 19
1431148431269360017 20
1431148431269392382 20
1431148431269579657 20
1431148431269612893 20
1431148431269661737 20
1431148431269732059 20
1431148431269763168 20
1431148431269764552 20
1431148431269783883 21
1431148431269815120 21
1431148431269922583 21
1431148431269955800 21
1431148431269978722 21
1431148431270148442 21
1431148431270188242 21
1431148431270937231 21
1431148431270988442 22
1431148431271020219 22
1431148431274075952 22
1431148431274144012 22
1431148431274342445 22
1431148431274375607 22
1431148431274406538 22
1431148431274441382 23
1431148431274463928 23
1431148431274490884 23
1431148431274529090 23
1431148431274529336 23
1431148431274529715 23
1431148431274763237 23
1431148431274795981 23
1431148431274933038 23
1431148431274971177 24
1431148431275000762 24
1431148431275563339 24
1431148431275596920 24
1431148431275637755 24
1431148431275683007 24
1431148431275721537 24
1431148431275802955 24
1431148431275841696 25
1431148431275876056 25
1431148431276455363 25
1431148431276488912 25
1431148431276529487 25
1431148431276659437 25
1431148431276690515 25
1431148431276798320 25
1431148431276798585 26
1431148431276804791 26
1431148431280349071 26
1431148431280397688 26
1431148431280449306 26
1431148431280516493 26
1431148431280565838 26
1431148431280653104 26
1431148431280700113 27
1431148431280735957 27
1431148431280958362 27
1431148431280998014 27
1431148431281043028 27
1431148431281304756 27
1431148431281337996 27
1431148431281907224 27
1431148431281955694 28
1431148431281986424 28
1431148431282173218 28
1431148431282206652 28
1431148431282247990 28
1431148431282294025 28
1431148431282324336 28
1431148431282350376 28
1431148431282350642 29
1431148431282350907 29
1431148431282489865 29
1431148431282528853 29
1431148431282572126 29
1431148431282705855 29
1431148431282736683 29
1431148431283203111 29
1431148431283242567 30
1431148431283271323 30
1431148431284692481 30
1431148431284736308 30
1431148431284785853 30
1431148431284833375 30
1431148431284863910 30
1431148431284947559 30
1431148431285007036 31
1431148431285038378 31
1431148431285976400 31
1431148431286019955 31
1431148431286064579 31
1431148431286301800 31
1431148431286334876 31
1431148431286391509 31
1431148431286391794 32
1431148431286422361 32
1431148431286603391 32
1431148431286635944 32
1431148431286683368 32
1431148431286730536 32
1431148431286761217 32
1431148431286834627 32
1431148431286878626 33
1431148431287235060 33
1431148431287389672 33
1431148431287423667 33
1431148431287465350 33
1431148431287594587 33
1431148431287625923 33
1431148431287677211 33
1431148431287724027 34
1431148431287754168 34
1431148431290909454 34
1431148431290982763 34
1431148431291043051 34
1431148431291096396 34
1431148431291130697 34
1431148431291227513 34
1431148431291268520 35
1431148431291300194 35
1431148431292307941 35
1431148431292346378 35
1431148431292390934 35
1431148431292620926 35
1431148431292621192 35
1431148431292771384 35

